# XafsM2 MCA Data
# 13/02/28 13:38:14
# MCALength MCA Ch. RealTime LiveTime ROIs ROIe
# 2048 7 300.007 239.476 776 840
0	0
1	2
2	6
3	6
4	5
5	4
6	6
7	3
8	6
9	8
10	5
11	8
12	4
13	6
14	6
15	8
16	7
17	8
18	10
19	10
20	8
21	8
22	11
23	21
24	12
25	9
26	10
27	16
28	14
29	10
30	11
31	15
32	21
33	17
34	14
35	18
36	17
37	17
38	17
39	21
40	20
41	21
42	17
43	20
44	18
45	25
46	20
47	16
48	25
49	15
50	32
51	23
52	16
53	25
54	16
55	20
56	13
57	11
58	15
59	21
60	27
61	13
62	23
63	20
64	18
65	16
66	22
67	14
68	16
69	19
70	17
71	19
72	28
73	29
74	27
75	21
76	24
77	19
78	33
79	33
80	30
81	41
82	43
83	40
84	50
85	37
86	68
87	51
88	92
89	71
90	79
91	74
92	87
93	98
94	110
95	111
96	115
97	141
98	130
99	146
100	145
101	153
102	164
103	182
104	178
105	182
106	192
107	189
108	231
109	200
110	228
111	223
112	194
113	226
114	208
115	195
116	241
117	252
118	267
119	222
120	234
121	242
122	229
123	216
124	227
125	227
126	239
127	198
128	244
129	192
130	186
131	233
132	213
133	221
134	182
135	198
136	205
137	209
138	201
139	189
140	223
141	197
142	194
143	205
144	198
145	213
146	207
147	187
148	190
149	206
150	218
151	212
152	223
153	199
154	196
155	211
156	213
157	182
158	207
159	210
160	205
161	205
162	168
163	210
164	192
165	188
166	167
167	184
168	165
169	165
170	155
171	155
172	155
173	159
174	134
175	121
176	130
177	119
178	120
179	140
180	91
181	125
182	119
183	114
184	103
185	144
186	104
187	82
188	92
189	93
190	105
191	96
192	122
193	93
194	96
195	95
196	97
197	88
198	91
199	105
200	78
201	111
202	100
203	94
204	85
205	88
206	104
207	90
208	88
209	88
210	123
211	94
212	83
213	94
214	99
215	112
216	108
217	111
218	110
219	102
220	114
221	128
222	114
223	114
224	109
225	119
226	125
227	94
228	125
229	127
230	123
231	113
232	123
233	138
234	133
235	124
236	125
237	125
238	132
239	126
240	139
241	131
242	121
243	120
244	124
245	117
246	138
247	133
248	150
249	129
250	160
251	129
252	147
253	143
254	158
255	157
256	156
257	155
258	153
259	174
260	165
261	173
262	191
263	168
264	204
265	220
266	218
267	225
268	212
269	228
270	257
271	267
272	289
273	322
274	336
275	339
276	305
277	347
278	337
279	414
280	442
281	455
282	507
283	546
284	525
285	553
286	585
287	596
288	645
289	632
290	755
291	727
292	724
293	796
294	783
295	825
296	813
297	803
298	972
299	919
300	902
301	916
302	933
303	950
304	1013
305	974
306	929
307	976
308	978
309	940
310	963
311	966
312	968
313	907
314	945
315	898
316	908
317	872
318	917
319	858
320	823
321	846
322	809
323	744
324	731
325	732
326	717
327	730
328	708
329	698
330	701
331	656
332	617
333	561
334	581
335	558
336	575
337	566
338	548
339	567
340	508
341	534
342	546
343	488
344	492
345	479
346	488
347	490
348	496
349	518
350	506
351	508
352	536
353	560
354	551
355	537
356	507
357	528
358	533
359	562
360	571
361	501
362	575
363	557
364	533
365	560
366	577
367	611
368	554
369	604
370	578
371	579
372	511
373	598
374	535
375	521
376	569
377	558
378	520
379	532
380	527
381	556
382	522
383	491
384	498
385	495
386	479
387	494
388	447
389	504
390	479
391	433
392	422
393	446
394	443
395	433
396	436
397	386
398	408
399	407
400	408
401	422
402	370
403	383
404	393
405	389
406	384
407	384
408	367
409	392
410	368
411	351
412	362
413	353
414	363
415	369
416	326
417	345
418	335
419	358
420	352
421	328
422	335
423	326
424	306
425	314
426	308
427	353
428	305
429	320
430	337
431	322
432	317
433	313
434	318
435	313
436	318
437	296
438	293
439	294
440	327
441	315
442	270
443	293
444	276
445	294
446	309
447	299
448	298
449	287
450	314
451	274
452	296
453	277
454	294
455	294
456	273
457	280
458	297
459	285
460	306
461	277
462	273
463	307
464	272
465	289
466	303
467	281
468	307
469	275
470	277
471	274
472	297
473	281
474	287
475	279
476	306
477	294
478	281
479	277
480	296
481	313
482	291
483	272
484	289
485	288
486	284
487	296
488	285
489	291
490	296
491	288
492	320
493	282
494	290
495	287
496	293
497	284
498	287
499	272
500	285
501	292
502	328
503	288
504	286
505	289
506	289
507	318
508	326
509	340
510	323
511	313
512	354
513	354
514	356
515	386
516	333
517	372
518	371
519	397
520	364
521	413
522	443
523	440
524	467
525	451
526	463
527	460
528	465
529	503
530	468
531	493
532	489
533	538
534	559
535	522
536	528
537	528
538	550
539	571
540	608
541	580
542	568
543	559
544	536
545	549
546	550
547	578
548	521
549	542
550	530
551	532
552	560
553	482
554	502
555	532
556	480
557	454
558	459
559	495
560	443
561	428
562	451
563	436
564	460
565	421
566	428
567	387
568	397
569	391
570	384
571	374
572	397
573	402
574	376
575	391
576	373
577	399
578	422
579	396
580	407
581	352
582	351
583	361
584	376
585	375
586	397
587	399
588	378
589	409
590	421
591	427
592	406
593	389
594	425
595	442
596	432
597	430
598	481
599	413
600	484
601	449
602	503
603	488
604	471
605	573
606	512
607	532
608	614
609	612
610	683
611	661
612	724
613	733
614	762
615	797
616	916
617	925
618	919
619	987
620	1028
621	1058
622	1139
623	1129
624	1207
625	1263
626	1292
627	1336
628	1440
629	1466
630	1493
631	1553
632	1618
633	1521
634	1705
635	1750
636	1655
637	1770
638	1719
639	1725
640	1795
641	1827
642	1856
643	1820
644	1781
645	1825
646	1743
647	1696
648	1686
649	1747
650	1667
651	1655
652	1563
653	1564
654	1407
655	1444
656	1406
657	1348
658	1340
659	1244
660	1219
661	1185
662	1134
663	983
664	1044
665	964
666	924
667	904
668	838
669	833
670	819
671	733
672	772
673	702
674	659
675	656
676	650
677	608
678	599
679	573
680	605
681	584
682	602
683	588
684	584
685	598
686	551
687	568
688	589
689	587
690	598
691	612
692	585
693	665
694	603
695	655
696	700
697	734
698	735
699	744
700	759
701	803
702	812
703	890
704	873
705	911
706	936
707	945
708	1016
709	1094
710	1108
711	1143
712	1269
713	1256
714	1397
715	1450
716	1560
717	1641
718	1807
719	1768
720	1873
721	1952
722	2117
723	2234
724	2295
725	2384
726	2691
727	2801
728	2992
729	3098
730	3261
731	3460
732	3547
733	3694
734	3884
735	3995
736	4152
737	4436
738	4443
739	4661
740	4788
741	4805
742	4943
743	5044
744	5192
745	5144
746	5375
747	5436
748	5498
749	5386
750	5507
751	5440
752	5326
753	5287
754	5354
755	5209
756	5270
757	5115
758	5055
759	4888
760	4815
761	4652
762	4544
763	4462
764	4203
765	4226
766	4079
767	3983
768	3843
769	3774
770	3733
771	3569
772	3388
773	3437
774	3395
775	3298
776	3193
777	3165
778	3255
779	3099
780	3124
781	3222
782	3176
783	3254
784	3324
785	3237
786	3430
787	3387
788	3600
789	3693
790	3762
791	3882
792	3982
793	4024
794	4200
795	4338
796	4349
797	4648
798	4527
799	4783
800	4835
801	4985
802	4996
803	5093
804	5143
805	5276
806	5252
807	5296
808	5301
809	5203
810	5229
811	5203
812	5227
813	5211
814	5232
815	5027
816	5022
817	4935
818	4853
819	4983
820	4762
821	4579
822	4464
823	4415
824	4323
825	4157
826	4027
827	3934
828	3857
829	3772
830	3579
831	3401
832	3431
833	3484
834	3319
835	3347
836	3164
837	3076
838	3040
839	3006
840	3006
841	2997
842	2871
843	2829
844	2898
845	2751
846	2840
847	2917
848	2839
849	2836
850	2859
851	2899
852	2881
853	2924
854	3055
855	3036
856	2948
857	3031
858	3119
859	3124
860	3199
861	3201
862	3198
863	3276
864	3325
865	3260
866	3335
867	3457
868	3326
869	3411
870	3485
871	3552
872	3499
873	3560
874	3505
875	3512
876	3613
877	3541
878	3651
879	3675
880	3531
881	3496
882	3470
883	3488
884	3658
885	3519
886	3554
887	3653
888	3527
889	3607
890	3584
891	3603
892	3592
893	3626
894	3749
895	3629
896	3735
897	3705
898	3695
899	3809
900	3897
901	3869
902	3869
903	4000
904	4006
905	4035
906	4099
907	4079
908	4358
909	4371
910	4387
911	4585
912	4731
913	4835
914	4899
915	4927
916	5130
917	5284
918	5509
919	5601
920	5779
921	6030
922	6056
923	6300
924	6516
925	6846
926	7072
927	7284
928	7480
929	8022
930	8398
931	8709
932	9043
933	9538
934	9846
935	10408
936	10836
937	11306
938	11897
939	12464
940	13002
941	14135
942	14816
943	15591
944	16378
945	17134
946	18436
947	19464
948	20693
949	22097
950	23417
951	25042
952	26510
953	28455
954	30192
955	32090
956	34080
957	36472
958	38947
959	41500
960	44198
961	46809
962	49570
963	52745
964	56318
965	60369
966	63738
967	67734
968	71785
969	75603
970	79963
971	84367
972	89215
973	93765
974	99247
975	104105
976	109456
977	114767
978	119589
979	125363
980	130978
981	136641
982	141372
983	147076
984	153740
985	158444
986	163637
987	169386
988	174287
989	179064
990	184386
991	189313
992	193350
993	197520
994	201161
995	205520
996	208099
997	211112
998	213211
999	216298
1000	217060
1001	219187
1002	220773
1003	220388
1004	220991
1005	220470
1006	219227
1007	218041
1008	217040
1009	215096
1010	211760
1011	209363
1012	206591
1013	202226
1014	197980
1015	194341
1016	189807
1017	185766
1018	179808
1019	173780
1020	168874
1021	162367
1022	156786
1023	151407
1024	144894
1025	138663
1026	131979
1027	125299
1028	119750
1029	113290
1030	107171
1031	100386
1032	95377
1033	88667
1034	83387
1035	77885
1036	72298
1037	67426
1038	62312
1039	57564
1040	52971
1041	48492
1042	44869
1043	40986
1044	37582
1045	34299
1046	30990
1047	28072
1048	25255
1049	22820
1050	20616
1051	18329
1052	16500
1053	15016
1054	12953
1055	11524
1056	10239
1057	9041
1058	8067
1059	7084
1060	6119
1061	5416
1062	4716
1063	4242
1064	3781
1065	3192
1066	2971
1067	2487
1068	2163
1069	2100
1070	1837
1071	1545
1072	1415
1073	1251
1074	1145
1075	1055
1076	955
1077	849
1078	797
1079	739
1080	672
1081	696
1082	599
1083	554
1084	526
1085	502
1086	494
1087	487
1088	444
1089	445
1090	401
1091	378
1092	355
1093	386
1094	332
1095	328
1096	324
1097	299
1098	322
1099	282
1100	270
1101	247
1102	258
1103	257
1104	213
1105	227
1106	214
1107	216
1108	202
1109	184
1110	188
1111	164
1112	163
1113	162
1114	142
1115	163
1116	124
1117	142
1118	110
1119	128
1120	111
1121	96
1122	92
1123	95
1124	77
1125	94
1126	68
1127	77
1128	57
1129	86
1130	71
1131	47
1132	49
1133	42
1134	52
1135	46
1136	56
1137	41
1138	38
1139	40
1140	25
1141	36
1142	35
1143	40
1144	24
1145	28
1146	31
1147	33
1148	22
1149	26
1150	24
1151	21
1152	26
1153	28
1154	33
1155	21
1156	23
1157	26
1158	32
1159	28
1160	23
1161	25
1162	27
1163	19
1164	20
1165	21
1166	23
1167	22
1168	26
1169	19
1170	28
1171	28
1172	19
1173	20
1174	20
1175	27
1176	32
1177	24
1178	20
1179	24
1180	21
1181	23
1182	23
1183	25
1184	21
1185	10
1186	20
1187	17
1188	18
1189	33
1190	20
1191	20
1192	18
1193	17
1194	18
1195	20
1196	10
1197	22
1198	18
1199	20
1200	29
1201	21
1202	21
1203	16
1204	23
1205	25
1206	18
1207	13
1208	18
1209	14
1210	15
1211	16
1212	24
1213	24
1214	25
1215	28
1216	13
1217	24
1218	22
1219	13
1220	25
1221	18
1222	18
1223	18
1224	15
1225	26
1226	20
1227	24
1228	26
1229	15
1230	15
1231	24
1232	27
1233	23
1234	19
1235	24
1236	29
1237	19
1238	16
1239	22
1240	20
1241	23
1242	19
1243	25
1244	23
1245	23
1246	21
1247	23
1248	29
1249	20
1250	22
1251	20
1252	38
1253	19
1254	17
1255	18
1256	23
1257	21
1258	31
1259	20
1260	36
1261	23
1262	26
1263	16
1264	25
1265	36
1266	24
1267	34
1268	21
1269	29
1270	28
1271	28
1272	18
1273	29
1274	23
1275	25
1276	34
1277	24
1278	31
1279	30
1280	28
1281	32
1282	28
1283	16
1284	36
1285	32
1286	28
1287	25
1288	27
1289	33
1290	27
1291	38
1292	34
1293	41
1294	23
1295	31
1296	23
1297	21
1298	30
1299	31
1300	24
1301	29
1302	37
1303	23
1304	22
1305	26
1306	23
1307	30
1308	26
1309	31
1310	30
1311	35
1312	31
1313	21
1314	26
1315	33
1316	19
1317	26
1318	24
1319	26
1320	23
1321	28
1322	34
1323	36
1324	29
1325	23
1326	25
1327	32
1328	29
1329	22
1330	28
1331	27
1332	26
1333	33
1334	23
1335	32
1336	24
1337	31
1338	27
1339	27
1340	36
1341	19
1342	30
1343	27
1344	23
1345	25
1346	27
1347	33
1348	19
1349	25
1350	25
1351	23
1352	23
1353	23
1354	28
1355	25
1356	26
1357	23
1358	24
1359	22
1360	27
1361	23
1362	22
1363	28
1364	25
1365	33
1366	25
1367	35
1368	27
1369	33
1370	30
1371	21
1372	22
1373	25
1374	20
1375	36
1376	31
1377	26
1378	23
1379	23
1380	17
1381	19
1382	26
1383	21
1384	20
1385	33
1386	21
1387	22
1388	24
1389	14
1390	22
1391	18
1392	28
1393	24
1394	20
1395	19
1396	21
1397	31
1398	20
1399	29
1400	24
1401	26
1402	20
1403	26
1404	24
1405	28
1406	26
1407	16
1408	25
1409	22
1410	18
1411	23
1412	21
1413	24
1414	21
1415	26
1416	27
1417	26
1418	21
1419	24
1420	32
1421	28
1422	21
1423	32
1424	27
1425	31
1426	31
1427	28
1428	29
1429	24
1430	21
1431	29
1432	20
1433	27
1434	26
1435	27
1436	33
1437	41
1438	31
1439	23
1440	25
1441	29
1442	33
1443	29
1444	29
1445	32
1446	30
1447	34
1448	33
1449	31
1450	32
1451	35
1452	29
1453	31
1454	34
1455	33
1456	35
1457	24
1458	28
1459	24
1460	34
1461	36
1462	36
1463	33
1464	24
1465	41
1466	35
1467	37
1468	26
1469	31
1470	26
1471	31
1472	36
1473	27
1474	39
1475	39
1476	43
1477	33
1478	25
1479	27
1480	41
1481	37
1482	41
1483	36
1484	32
1485	31
1486	37
1487	34
1488	34
1489	34
1490	33
1491	37
1492	44
1493	37
1494	38
1495	36
1496	36
1497	50
1498	39
1499	51
1500	46
1501	50
1502	42
1503	40
1504	41
1505	42
1506	44
1507	58
1508	46
1509	39
1510	49
1511	49
1512	52
1513	44
1514	58
1515	69
1516	56
1517	41
1518	51
1519	56
1520	53
1521	58
1522	49
1523	66
1524	60
1525	66
1526	75
1527	54
1528	59
1529	64
1530	68
1531	69
1532	71
1533	78
1534	63
1535	71
1536	87
1537	79
1538	70
1539	78
1540	65
1541	75
1542	71
1543	90
1544	89
1545	90
1546	110
1547	106
1548	86
1549	93
1550	97
1551	88
1552	88
1553	100
1554	94
1555	108
1556	122
1557	108
1558	121
1559	103
1560	108
1561	108
1562	130
1563	127
1564	98
1565	127
1566	124
1567	132
1568	118
1569	101
1570	128
1571	129
1572	124
1573	135
1574	115
1575	148
1576	164
1577	124
1578	136
1579	166
1580	148
1581	146
1582	151
1583	110
1584	136
1585	152
1586	125
1587	129
1588	130
1589	155
1590	155
1591	153
1592	142
1593	166
1594	148
1595	152
1596	178
1597	149
1598	151
1599	158
1600	179
1601	180
1602	150
1603	184
1604	160
1605	175
1606	183
1607	164
1608	142
1609	155
1610	192
1611	199
1612	173
1613	187
1614	179
1615	213
1616	184
1617	162
1618	164
1619	179
1620	172
1621	192
1622	186
1623	192
1624	178
1625	194
1626	186
1627	166
1628	197
1629	216
1630	175
1631	185
1632	202
1633	178
1634	188
1635	188
1636	215
1637	218
1638	205
1639	222
1640	233
1641	185
1642	202
1643	217
1644	197
1645	197
1646	174
1647	185
1648	192
1649	196
1650	192
1651	178
1652	173
1653	208
1654	199
1655	197
1656	202
1657	198
1658	199
1659	209
1660	185
1661	204
1662	213
1663	176
1664	186
1665	209
1666	206
1667	205
1668	226
1669	207
1670	223
1671	192
1672	216
1673	192
1674	201
1675	192
1676	185
1677	191
1678	204
1679	223
1680	201
1681	225
1682	199
1683	234
1684	211
1685	229
1686	188
1687	195
1688	206
1689	227
1690	223
1691	218
1692	196
1693	224
1694	213
1695	229
1696	172
1697	214
1698	206
1699	212
1700	204
1701	220
1702	216
1703	211
1704	218
1705	202
1706	207
1707	191
1708	203
1709	211
1710	231
1711	203
1712	202
1713	225
1714	211
1715	231
1716	213
1717	199
1718	191
1719	217
1720	217
1721	214
1722	248
1723	230
1724	238
1725	235
1726	203
1727	217
1728	209
1729	227
1730	226
1731	234
1732	242
1733	229
1734	229
1735	248
1736	202
1737	246
1738	267
1739	264
1740	207
1741	232
1742	232
1743	230
1744	236
1745	270
1746	243
1747	255
1748	222
1749	241
1750	237
1751	237
1752	243
1753	236
1754	220
1755	241
1756	241
1757	249
1758	242
1759	242
1760	229
1761	205
1762	263
1763	221
1764	240
1765	229
1766	206
1767	229
1768	217
1769	237
1770	233
1771	241
1772	225
1773	238
1774	245
1775	254
1776	227
1777	211
1778	226
1779	266
1780	264
1781	234
1782	250
1783	256
1784	242
1785	229
1786	232
1787	212
1788	242
1789	260
1790	232
1791	262
1792	219
1793	276
1794	258
1795	228
1796	250
1797	227
1798	273
1799	252
1800	276
1801	268
1802	259
1803	252
1804	257
1805	260
1806	239
1807	245
1808	272
1809	247
1810	233
1811	270
1812	246
1813	246
1814	248
1815	250
1816	267
1817	233
1818	285
1819	271
1820	259
1821	277
1822	253
1823	266
1824	259
1825	251
1826	255
1827	269
1828	270
1829	264
1830	272
1831	252
1832	244
1833	267
1834	282
1835	255
1836	283
1837	253
1838	291
1839	321
1840	257
1841	280
1842	281
1843	292
1844	292
1845	280
1846	308
1847	285
1848	306
1849	304
1850	308
1851	308
1852	299
1853	291
1854	328
1855	288
1856	294
1857	311
1858	280
1859	313
1860	334
1861	289
1862	316
1863	318
1864	290
1865	324
1866	291
1867	320
1868	321
1869	282
1870	284
1871	323
1872	281
1873	316
1874	349
1875	345
1876	321
1877	355
1878	332
1879	356
1880	319
1881	356
1882	326
1883	369
1884	325
1885	349
1886	364
1887	348
1888	351
1889	354
1890	346
1891	348
1892	368
1893	356
1894	360
1895	342
1896	372
1897	352
1898	366
1899	367
1900	371
1901	397
1902	387
1903	403
1904	368
1905	405
1906	395
1907	386
1908	389
1909	401
1910	422
1911	414
1912	425
1913	451
1914	390
1915	427
1916	409
1917	447
1918	416
1919	465
1920	465
1921	472
1922	427
1923	391
1924	487
1925	483
1926	415
1927	481
1928	437
1929	472
1930	494
1931	535
1932	470
1933	462
1934	484
1935	490
1936	491
1937	495
1938	530
1939	492
1940	559
1941	527
1942	536
1943	535
1944	565
1945	577
1946	525
1947	590
1948	572
1949	577
1950	577
1951	623
1952	629
1953	607
1954	570
1955	650
1956	612
1957	619
1958	676
1959	596
1960	655
1961	648
1962	671
1963	676
1964	677
1965	700
1966	670
1967	649
1968	672
1969	681
1970	692
1971	673
1972	647
1973	733
1974	711
1975	730
1976	704
1977	706
1978	696
1979	694
1980	721
1981	684
1982	684
1983	782
1984	705
1985	726
1986	738
1987	717
1988	716
1989	756
1990	735
1991	723
1992	711
1993	716
1994	687
1995	705
1996	695
1997	677
1998	722
1999	665
2000	684
2001	683
2002	696
2003	678
2004	636
2005	656
2006	649
2007	663
2008	605
2009	612
2010	632
2011	624
2012	624
2013	615
2014	592
2015	516
2016	545
2017	585
2018	496
2019	512
2020	557
2021	510
2022	520
2023	493
2024	437
2025	460
2026	447
2027	423
2028	484
2029	427
2030	412
2031	427
2032	414
2033	371
2034	378
2035	366
2036	374
2037	380
2038	326
2039	346
2040	346
2041	332
2042	312
2043	318
2044	291
2045	291
2046	261
2047	302
