  9809     AichiSR   BL5S1
 test.dat        13.02.22 12:24 - 13.02.22 12:41
                                                                                 
 Ring :   1.2 GeV     0.0 mA -    0.0 mA
 Mono :   Si(111)       D=  3.13553 A    Initial angle=  9.76967 deg
 BL5S1    Aux input    ( 2)   Repitition=  1     Points=  480
 Param file : DUMMYNAME.prm   energy axis (2)     Block = 4

 Block      Init-Eng  final-Eng     Step/eV     Time/s       Num
     1       11249.00  11499.00         3.60       1.00        70
     2       11499.00  11649.00         1.00       1.00       150
     3       11649.00  12049.00         2.50       1.00       160
     4       12049.00  12749.00         7.00       1.00       100
 SCALE( 2)     NDCH = 2
  Angle(c)  Angle(o)    time/s         1         2
      Mode         0         0         1         2
    Offset         0         0     0.000     0.000
  10.12268  10.12230      1.00    107190     82112  11.24900  10.12230  11.24942  10.12214  11.24960
  10.11944  10.11950      1.00    117857     90845  11.25257  10.11950  11.25250  10.11925  11.25278
  10.11619  10.11620      1.00    129363    100335  11.25614  10.11620  11.25614  10.11592  11.25645
  10.11295  10.11310      1.00    138433    107940  11.25971  10.11310  11.25955  10.11267  11.26003
  10.10971  10.10960      1.00    145225    113747  11.26329  10.10960  11.26341  10.10925  11.26379
  10.10647  10.10660      1.00    148446    116645  11.26686  10.10660  11.26672  10.10611  11.26726
  10.10324  10.10330      1.00    150600    118695  11.27043  10.10330  11.27036  10.10272  11.27100
  10.10000  10.09990      1.00    152094    120256  11.27400  10.09990  11.27411  10.09942  11.27465
  10.09677  10.09680      1.00    153097    121375  11.27757  10.09680  11.27754  10.09628  11.27812
  10.09354  10.09340      1.00    153803    122286  11.28114  10.09340  11.28130  10.09300  11.28174
  10.09031  10.09040      1.00    154229    122940  11.28471  10.09040  11.28462  10.08989  11.28518
  10.08709  10.08710      1.00    154019    123113  11.28829  10.08710  11.28827  10.08656  11.28887
  10.08386  10.08380      1.00    154479    123832  11.29186  10.08380  11.29193  10.08331  11.29247
  10.08064  10.08070      1.00    154117    123865  11.29543  10.08070  11.29536  10.08014  11.29599
  10.07742  10.07730      1.00    152729    123057  11.29900  10.07730  11.29913  10.07683  11.29965
  10.07420  10.07430      1.00    154000    124408  11.30257  10.07430  11.30246  10.07372  11.30311
  10.07099  10.07100      1.00    154387    125082  11.30614  10.07100  11.30613  10.07039  11.30681
  10.06778  10.06770      1.00    154232    125309  11.30971  10.06770  11.30980  10.06714  11.31042
  10.06456  10.06450      1.00    154256    125659  11.31329  10.06450  11.31336  10.06400  11.31391
  10.06135  10.06130      1.00    154288    126035  11.31686  10.06130  11.31692  10.06083  11.31744
  10.05815  10.05820      1.00    154663    126650  11.32043  10.05820  11.32037  10.05767  11.32096
  10.05494  10.05500      1.00    154899    127204  11.32400  10.05500  11.32394  10.05439  11.32462
  10.05174  10.05170      1.00    155077    127687  11.32757  10.05170  11.32761  10.05111  11.32827
  10.04854  10.04860      1.00    154883    127880  11.33114  10.04860  11.33107  10.04794  11.33181
  10.04534  10.04510      1.00    155212    128506  11.33471  10.04510  11.33498  10.04467  11.33547
  10.04214  10.04230      1.00    155671    129207  11.33829  10.04230  11.33811  10.04169  11.33879
  10.03895  10.03890      1.00    155939    129766  11.34186  10.03890  11.34191  10.03833  11.34254
  10.03575  10.03570      1.00    156446    130555  11.34543  10.03570  11.34549  10.03517  11.34609
  10.03256  10.03260      1.00    156605    131015  11.34900  10.03260  11.34896  10.03203  11.34960
  10.02937  10.02930      1.00    153019    128335  11.35257  10.02930  11.35265  10.02878  11.35324
  10.02619  10.02620      1.00    153937    129510  11.35614  10.02620  11.35613  10.02564  11.35676
  10.02300  10.02310      1.00    156984    132396  11.35971  10.02310  11.35961  10.02242  11.36037
  10.01982  10.01970      1.00    157207    132946  11.36329  10.01970  11.36342  10.01911  11.36408
  10.01664  10.01660      1.00    157362    133405  11.36686  10.01660  11.36690  10.01603  11.36754
  10.01346  10.01330      1.00    157578    133967  11.37043  10.01330  11.37061  10.01286  11.37110
  10.01028  10.01040      1.00    157955    134611  11.37400  10.01040  11.37387  10.00983  11.37451
  10.00711  10.00720      1.00    157942    134978  11.37757  10.00720  11.37747  10.00653  11.37823
  10.00394  10.00380      1.00    157600    135029  11.38114  10.00380  11.38130  10.00325  11.38192
  10.00077  10.00080      1.00    157032    134906  11.38471  10.00080  11.38468  10.00019  11.38536
   9.99760   9.99750      1.00    158195    136263  11.38829   9.99750  11.38840   9.99697  11.38899
   9.99443   9.99450      1.00    158420    136793  11.39186   9.99450  11.39178   9.99389  11.39247
   9.99127   9.99120      1.00    158737    137450  11.39543   9.99120  11.39550   9.99064  11.39614
   9.98810   9.98810      1.00    159007    137998  11.39900   9.98810  11.39901   9.98753  11.39965
   9.98494   9.98500      1.00    159203    138514  11.40257   9.98500  11.40251   9.98436  11.40323
   9.98179   9.98160      1.00    159523    139207  11.40614   9.98160  11.40635   9.98114  11.40687
   9.97863   9.97870      1.00    159650    139645  11.40971   9.97870  11.40963   9.97817  11.41024
   9.97547   9.97550      1.00    159708    140063  11.41329   9.97550  11.41326   9.97492  11.41392
   9.97232   9.97230      1.00    160378    141021  11.41686   9.97230  11.41688   9.97172  11.41754
   9.96917   9.96920      1.00    160293    141308  11.42043   9.96920  11.42040   9.96858  11.42110
   9.96602   9.96590      1.00    160806    142139  11.42400   9.96590  11.42414   9.96539  11.42472
   9.96288   9.96300      1.00    160970    142623  11.42757   9.96300  11.42743   9.96236  11.42816
   9.95973   9.95980      1.00    161252    143233  11.43114   9.95980  11.43107   9.95908  11.43188
   9.95659   9.95640      1.00    161378    143742  11.43471   9.95640  11.43493   9.95586  11.43554
   9.95345   9.95350      1.00    160746    143494  11.43829   9.95350  11.43823   9.95289  11.43892
   9.95031   9.95020      1.00    160128    143352  11.44186   9.95020  11.44198   9.94969  11.44256
   9.94717   9.94730      1.00    161098    144588  11.44543   9.94730  11.44529   9.94667  11.44601
   9.94404   9.94400      1.00    161155    144975  11.44900   9.94400  11.44905   9.94339  11.44974
   9.94091   9.94090      1.00    161211    145411  11.45257   9.94090  11.45258   9.94028  11.45329
   9.93778   9.93780      1.00    161452    146006  11.45614   9.93780  11.45612   9.93714  11.45687
   9.93465   9.93450      1.00    162356    147168  11.45971   9.93450  11.45988   9.93397  11.46049
   9.93152   9.93160      1.00    162907    148021  11.46329   9.93160  11.46320   9.93097  11.46391
   9.92840   9.92840      1.00    162981    148466  11.46686   9.92840  11.46685   9.92775  11.46760
   9.92528   9.92520      1.00    162936    148789  11.47043   9.92520  11.47051   9.92461  11.47119
   9.92215   9.92220      1.00    162251    148539  11.47400   9.92220  11.47395   9.92156  11.47469
   9.91904   9.91890      1.00    161514    148234  11.47757   9.91890  11.47773   9.91839  11.47831
   9.91592   9.91600      1.00    161051    148158  11.48114   9.91600  11.48105   9.91539  11.48175
   9.91280   9.91280      1.00    161243    148685  11.48471   9.91280  11.48472   9.91217  11.48545
   9.90969   9.90970      1.00    160829    148723  11.48829   9.90970  11.48828   9.90906  11.48902
   9.90658   9.90660      1.00    162215    150311  11.49186   9.90660  11.49184   9.90592  11.49262
   9.90347   9.90320      1.00    161817    150296  11.49543   9.90320  11.49574   9.90278  11.49623
   9.90037   9.90040      1.00    161089    149965  11.49900   9.90040  11.49896   9.89992  11.49952
   9.89950   9.89950      1.00    161516    150482  11.50000   9.89950  11.49999   9.89900  11.50057
   9.89863   9.89860      1.00    161632    150703  11.50100   9.89860  11.50103   9.89811  11.50159
   9.89776   9.89770      1.00    161578    150767  11.50200   9.89770  11.50207   9.89725  11.50258
   9.89689   9.89690      1.00    161571    150843  11.50300   9.89690  11.50299   9.89642  11.50354
   9.89602   9.89600      1.00    161568    150929  11.50400   9.89600  11.50402   9.89553  11.50457
   9.89515   9.89510      1.00    161582    151037  11.50500   9.89510  11.50506   9.89467  11.50556
   9.89428   9.89430      1.00    161687    151212  11.50600   9.89430  11.50598   9.89383  11.50652
   9.89341   9.89340      1.00    161695    151327  11.50700   9.89340  11.50701   9.89294  11.50754
   9.89254   9.89250      1.00    161804    151515  11.50800   9.89250  11.50805   9.89208  11.50853
   9.89168   9.89170      1.00    161857    151648  11.50900   9.89170  11.50897   9.89125  11.50949
   9.89081   9.89080      1.00    161933    151816  11.51000   9.89080  11.51001   9.89033  11.51055
   9.88994   9.88990      1.00    162039    152030  11.51100   9.88990  11.51105   9.88947  11.51154
   9.88907   9.88910      1.00    162157    152218  11.51200   9.88910  11.51197   9.88864  11.51250
   9.88821   9.88820      1.00    162301    152433  11.51300   9.88820  11.51301   9.88772  11.51356
   9.88734   9.88730      1.00    162363    152590  11.51400   9.88730  11.51404   9.88683  11.51458
   9.88647   9.88650      1.00    162380    152712  11.51500   9.88650  11.51497   9.88600  11.51554
   9.88560   9.88560      1.00    162538    152977  11.51600   9.88560  11.51600   9.88508  11.51660
   9.88474   9.88470      1.00    162560    153024  11.51700   9.88470  11.51704   9.88419  11.51763
   9.88387   9.88380      1.00    162655    153220  11.51800   9.88380  11.51808   9.88336  11.51859
   9.88300   9.88310      1.00    162718    153343  11.51900   9.88310  11.51889   9.88256  11.51952
   9.88214   9.88210      1.00    162784    153525  11.52000   9.88210  11.52004   9.88158  11.52064
   9.88127   9.88130      1.00    162854    153685  11.52100   9.88130  11.52097   9.88075  11.52160
   9.88040   9.88030      1.00    162908    153828  11.52200   9.88030  11.52212   9.87983  11.52266
   9.87954   9.87950      1.00    163066    154032  11.52300   9.87950  11.52304   9.87906  11.52356
   9.87867   9.87870      1.00    163106    154160  11.52400   9.87870  11.52397   9.87822  11.52452
   9.87781   9.87780      1.00    163075    154203  11.52500   9.87780  11.52501   9.87731  11.52558
   9.87694   9.87690      1.00    163096    154308  11.52600   9.87690  11.52605   9.87644  11.52657
   9.87607   9.87610      1.00    163324    154595  11.52700   9.87610  11.52697   9.87561  11.52754
   9.87521   9.87520      1.00    163677    154959  11.52800   9.87520  11.52801   9.87469  11.52860
   9.87434   9.87430      1.00    163816    155156  11.52900   9.87430  11.52905   9.87383  11.52959
   9.87348   9.87340      1.00    164047    155445  11.53000   9.87340  11.53009   9.87300  11.53055
   9.87261   9.87260      1.00    164200    155626  11.53100   9.87260  11.53102   9.87219  11.53149
   9.87175   9.87180      1.00    164384    155852  11.53200   9.87180  11.53194   9.87133  11.53248
   9.87089   9.87090      1.00    164389    155925  11.53300   9.87090  11.53298   9.87042  11.53354
   9.87002   9.87000      1.00    164415    155951  11.53400   9.87000  11.53402   9.86953  11.53457
   9.86916   9.86910      1.00    164514    156100  11.53500   9.86910  11.53507   9.86867  11.53557
   9.86829   9.86830      1.00    164663    156235  11.53600   9.86830  11.53599   9.86783  11.53653
   9.86743   9.86740      1.00    164648    156237  11.53700   9.86740  11.53703   9.86694  11.53756
   9.86657   9.86650      1.00    164709    156281  11.53800   9.86650  11.53808   9.86608  11.53856
   9.86570   9.86570      1.00    164696    156271  11.53900   9.86570  11.53900   9.86528  11.53949
   9.86484   9.86480      1.00    164793    156322  11.54000   9.86480  11.54004   9.86439  11.54052
   9.86397   9.86400      1.00    164935    156417  11.54100   9.86400  11.54097   9.86356  11.54149
   9.86311   9.86310      1.00    165029    156420  11.54200   9.86310  11.54201   9.86267  11.54252
   9.86225   9.86230      1.00    165161    156467  11.54300   9.86230  11.54294   9.86181  11.54351
   9.86139   9.86140      1.00    165374    156554  11.54400   9.86140  11.54398   9.86089  11.54458
   9.86052   9.86050      1.00    165479    156449  11.54500   9.86050  11.54503   9.86000  11.54561
   9.85966   9.85960      1.00    165666    156445  11.54600   9.85960  11.54607   9.85914  11.54660
   9.85880   9.85890      1.00    165835    156364  11.54700   9.85890  11.54688   9.85833  11.54754
   9.85794   9.85790      1.00    165954    156134  11.54800   9.85790  11.54804   9.85736  11.54867
   9.85707   9.85700      1.00    166125    155894  11.54900   9.85700  11.54909   9.85653  11.54963
   9.85621   9.85620      1.00    166307    155591  11.55000   9.85620  11.55001   9.85572  11.55057
   9.85535   9.85540      1.00    166529    155144  11.55100   9.85540  11.55094   9.85486  11.55157
   9.85449   9.85440      1.00    166630    154315  11.55200   9.85440  11.55210   9.85394  11.55263
   9.85363   9.85370      1.00    166549    153226  11.55300   9.85370  11.55292   9.85317  11.55353
   9.85277   9.85270      1.00    166009    151032  11.55400   9.85270  11.55408   9.85222  11.55463
   9.85190   9.85190      1.00    165745    148759  11.55500   9.85190  11.55501   9.85142  11.55557
   9.85104   9.85110      1.00    166296    146243  11.55600   9.85110  11.55593   9.85056  11.55657
   9.85018   9.85010      1.00    167181    142160  11.55700   9.85010  11.55710   9.84961  11.55766
   9.84932   9.84930      1.00    167689    136778  11.55800   9.84930  11.55803   9.84881  11.55860
   9.84846   9.84850      1.00    167744    128846  11.55900   9.84850  11.55895   9.84794  11.55960
   9.84760   9.84750      1.00    167773    119630  11.56000   9.84750  11.56012   9.84703  11.56067
   9.84674   9.84670      1.00    167883    113039  11.56100   9.84670  11.56105   9.84625  11.56157
   9.84588   9.84590      1.00    167923    108548  11.56200   9.84590  11.56198   9.84542  11.56254
   9.84502   9.84500      1.00    167994    106869  11.56300   9.84500  11.56302   9.84453  11.56357
   9.84416   9.84410      1.00    168068    107643  11.56400   9.84410  11.56407   9.84367  11.56457
   9.84330   9.84330      1.00    168145    109890  11.56500   9.84330  11.56500   9.84286  11.56551
   9.84244   9.84250      1.00    168199    113145  11.56600   9.84250  11.56593   9.84200  11.56651
   9.84158   9.84150      1.00    168264    116676  11.56700   9.84150  11.56710   9.84106  11.56761
   9.84072   9.84070      1.00    168208    118984  11.56800   9.84070  11.56803   9.84028  11.56852
   9.83986   9.83990      1.00    168097    120798  11.56900   9.83990  11.56896   9.83942  11.56952
   9.83900   9.83900      1.00    168091    122100  11.57000   9.83900  11.57001   9.83850  11.57059
   9.83815   9.83810      1.00    168056    122735  11.57100   9.83810  11.57105   9.83764  11.57159
   9.83729   9.83730      1.00    167952    122835  11.57200   9.83730  11.57199   9.83681  11.57256
   9.83643   9.83640      1.00    168018    122766  11.57300   9.83640  11.57303   9.83592  11.57360
   9.83557   9.83560      1.00    168011    122442  11.57400   9.83560  11.57397   9.83508  11.57457
   9.83471   9.83470      1.00    168000    122069  11.57500   9.83470  11.57501   9.83419  11.57560
   9.83385   9.83380      1.00    168055    121982  11.57600   9.83380  11.57606   9.83333  11.57661
   9.83300   9.83300      1.00    168038    122104  11.57700   9.83300  11.57700   9.83253  11.57755
   9.83214   9.83210      1.00    168218    122661  11.57800   9.83210  11.57805   9.83164  11.57858
   9.83128   9.83130      1.00    168397    123330  11.57900   9.83130  11.57898   9.83081  11.57955
   9.83042   9.83040      1.00    168580    124042  11.58000   9.83040  11.58003   9.82992  11.58059
   9.82957   9.82960      1.00    168813    124555  11.58100   9.82960  11.58096   9.82906  11.58160
   9.82871   9.82870      1.00    168780    124699  11.58200   9.82870  11.58201   9.82814  11.58267
   9.82785   9.82780      1.00    168763    124697  11.58300   9.82780  11.58306   9.82728  11.58367
   9.82700   9.82700      1.00    168891    124622  11.58400   9.82700  11.58399   9.82647  11.58461
   9.82614   9.82610      1.00    168900    124319  11.58500   9.82610  11.58505   9.82558  11.58565
   9.82528   9.82530      1.00    169098    123942  11.58600   9.82530  11.58598   9.82475  11.58662
   9.82443   9.82440      1.00    169280    123328  11.58700   9.82440  11.58703   9.82386  11.58766
   9.82357   9.82350      1.00    169437    122763  11.58800   9.82350  11.58808   9.82303  11.58863
   9.82271   9.82270      1.00    169655    122344  11.58900   9.82270  11.58902   9.82222  11.58957
   9.82186   9.82190      1.00    169851    122129  11.59000   9.82190  11.58995   9.82136  11.59058
   9.82100   9.82100      1.00    169997    122261  11.59100   9.82100  11.59100   9.82044  11.59165
   9.82015   9.82010      1.00    170022    122541  11.59200   9.82010  11.59205   9.81958  11.59266
   9.81929   9.81930      1.00    170127    123025  11.59300   9.81930  11.59299   9.81875  11.59363
   9.81844   9.81840      1.00    170082    123516  11.59400   9.81840  11.59404   9.81786  11.59467
   9.81758   9.81750      1.00    170142    123981  11.59500   9.81750  11.59509   9.81703  11.59565
   9.81673   9.81670      1.00    170209    124327  11.59600   9.81670  11.59603   9.81625  11.59656
   9.81587   9.81590      1.00    170105    124531  11.59700   9.81590  11.59697   9.81542  11.59753
   9.81502   9.81500      1.00    170178    124745  11.59800   9.81500  11.59802   9.81453  11.59857
   9.81416   9.81410      1.00    170275    124970  11.59900   9.81410  11.59907   9.81367  11.59958
   9.81331   9.81330      1.00    170363    125193  11.60000   9.81330  11.60001   9.81286  11.60052
   9.81245   9.81250      1.00    170572    125540  11.60100   9.81250  11.60094   9.81200  11.60153
   9.81160   9.81160      1.00    170689    125846  11.60200   9.81160  11.60200   9.81108  11.60260
   9.81074   9.81070      1.00    170833    126091  11.60300   9.81070  11.60305   9.81022  11.60361
   9.80989   9.80990      1.00    171005    126280  11.60400   9.80990  11.60399   9.80939  11.60459
   9.80904   9.80900      1.00    171145    126368  11.60500   9.80900  11.60504   9.80850  11.60563
   9.80818   9.80820      1.00    171295    126368  11.60600   9.80820  11.60598   9.80767  11.60661
   9.80733   9.80730      1.00    171405    126246  11.60700   9.80730  11.60704   9.80678  11.60765
   9.80648   9.80640      1.00    171583    126163  11.60800   9.80640  11.60809   9.80594  11.60862
   9.80562   9.80570      1.00    171739    126072  11.60900   9.80570  11.60891   9.80517  11.60954
   9.80477   9.80470      1.00    171937    125924  11.61000   9.80470  11.61008   9.80422  11.61064
   9.80392   9.80390      1.00    172139    125860  11.61100   9.80390  11.61102   9.80342  11.61159
   9.80307   9.80310      1.00    172387    125820  11.61200   9.80310  11.61196   9.80256  11.61260
   9.80221   9.80220      1.00    172737    125892  11.61300   9.80220  11.61302   9.80167  11.61364
   9.80136   9.80140      1.00    172913    125920  11.61400   9.80140  11.61395   9.80081  11.61465
   9.80051   9.80040      1.00    173125    126027  11.61500   9.80040  11.61513   9.79989  11.61573
   9.79966   9.79970      1.00    173239    126186  11.61600   9.79970  11.61595   9.79914  11.61661
   9.79880   9.79880      1.00    173314    126386  11.61700   9.79880  11.61701   9.79822  11.61768
   9.79795   9.79790      1.00    173265    126561  11.61800   9.79790  11.61806   9.79736  11.61869
   9.79710   9.79710      1.00    173206    126742  11.61900   9.79710  11.61900   9.79656  11.61964
   9.79625   9.79620      1.00    172894    126776  11.62000   9.79620  11.62006   9.79569  11.62065
   9.79540   9.79540      1.00    172480    126707  11.62100   9.79540  11.62100   9.79489  11.62160
   9.79455   9.79450      1.00    172157    126741  11.62200   9.79450  11.62206   9.79403  11.62261
   9.79370   9.79370      1.00    172120    126988  11.62300   9.79370  11.62300   9.79322  11.62356
   9.79285   9.79290      1.00    172294    127422  11.62400   9.79290  11.62394   9.79236  11.62457
   9.79199   9.79200      1.00    172568    127983  11.62500   9.79200  11.62499   9.79144  11.62565
   9.79114   9.79110      1.00    172938    128489  11.62600   9.79110  11.62605   9.79058  11.62666
   9.79029   9.79030      1.00    173174    128842  11.62700   9.79030  11.62699   9.78975  11.62764
   9.78944   9.78940      1.00    173520    129255  11.62800   9.78940  11.62805   9.78889  11.62865
   9.78859   9.78860      1.00    173734    129612  11.62900   9.78860  11.62899   9.78806  11.62963
   9.78774   9.78770      1.00    174129    130077  11.63000   9.78770  11.63005   9.78719  11.63065
   9.78689   9.78680      1.00    174474    130573  11.63100   9.78680  11.63111   9.78636  11.63163
   9.78604   9.78610      1.00    174704    130946  11.63200   9.78610  11.63193   9.78558  11.63254
   9.78519   9.78520      1.00    175039    131471  11.63300   9.78520  11.63299   9.78467  11.63362
   9.78435   9.78430      1.00    175263    131875  11.63400   9.78430  11.63405   9.78381  11.63464
   9.78350   9.78350      1.00    175493    132289  11.63500   9.78350  11.63500   9.78300  11.63558
   9.78265   9.78260      1.00    175716    132731  11.63600   9.78260  11.63606   9.78214  11.63660
   9.78180   9.78180      1.00    175806    133016  11.63700   9.78180  11.63700   9.78133  11.63755
   9.78095   9.78100      1.00    175853    133267  11.63800   9.78100  11.63794   9.78047  11.63856
   9.78010   9.78010      1.00    175497    133240  11.63900   9.78010  11.63900   9.77956  11.63964
   9.77925   9.77920      1.00    175004    133063  11.64000   9.77920  11.64006   9.77869  11.64066
   9.77840   9.77840      1.00    174685    133025  11.64100   9.77840  11.64100   9.77789  11.64161
   9.77756   9.77750      1.00    174520    133057  11.64200   9.77750  11.64207   9.77703  11.64262
   9.77671   9.77670      1.00    174763    133296  11.64300   9.77670  11.64301   9.77622  11.64357
   9.77586   9.77590      1.00    175642    134052  11.64400   9.77590  11.64395   9.77536  11.64459
   9.77501   9.77500      1.00    176849    135093  11.64500   9.77500  11.64501   9.77447  11.64564
   9.77416   9.77410      1.00    177774    135878  11.64600   9.77410  11.64608   9.77361  11.64665
   9.77332   9.77330      1.00    178069    136144  11.64700   9.77330  11.64702   9.77281  11.64760
   9.77247   9.77250      1.00    178286    136348  11.64800   9.77250  11.64796   9.77197  11.64859
   9.77162   9.77160      1.00    178505    136512  11.64900   9.77160  11.64903   9.77108  11.64964
   9.76951   9.76950      1.00    179448    137068  11.65150   9.76950  11.65151   9.76897  11.65213
   9.76739   9.76740      1.00    180445    137585  11.65400   9.76740  11.65399   9.76686  11.65462
   9.76527   9.76530      1.00    180890    137801  11.65650   9.76530  11.65647   9.76472  11.65715
   9.76316   9.76310      1.00    181199    138038  11.65900   9.76310  11.65907   9.76256  11.65971
   9.76105   9.76100      1.00    181577    138429  11.66150   9.76100  11.66155   9.76050  11.66215
   9.75893   9.75900      1.00    181953    138947  11.66400   9.75900  11.66392   9.75842  11.66461
   9.75682   9.75680      1.00    182471    139562  11.66650   9.75680  11.66653   9.75622  11.66721
   9.75471   9.75460      1.00    182706    139973  11.66900   9.75460  11.66913   9.75411  11.66971
   9.75260   9.75260      1.00    182769    140277  11.67150   9.75260  11.67150   9.75211  11.67208
   9.75049   9.75060      1.00    182802    140518  11.67400   9.75060  11.67387   9.75000  11.67458
   9.74838   9.74840      1.00    182883    140737  11.67650   9.74840  11.67648   9.74778  11.67722
   9.74628   9.74620      1.00    183146    141046  11.67900   9.74620  11.67909   9.74564  11.67976
   9.74417   9.74420      1.00    183184    141105  11.68150   9.74420  11.68147   9.74358  11.68220
   9.74207   9.74200      1.00    183040    141158  11.68400   9.74200  11.68408   9.74144  11.68474
   9.73996   9.74000      1.00    183599    141817  11.68650   9.74000  11.68645   9.73939  11.68718
   9.73786   9.73780      1.00    183806    142307  11.68900   9.73780  11.68907   9.73722  11.68976
   9.73576   9.73570      1.00    183624    142633  11.69150   9.73570  11.69157   9.73517  11.69220
   9.73365   9.73370      1.00    183606    143173  11.69400   9.73370  11.69394   9.73311  11.69465
   9.73155   9.73150      1.00    183287    143559  11.69650   9.73150  11.69656   9.73094  11.69722
   9.72945   9.72950      1.00    182521    143577  11.69900   9.72950  11.69894   9.72889  11.69967
   9.72735   9.72730      1.00    182495    144093  11.70150   9.72730  11.70156   9.72672  11.70225
   9.72526   9.72520      1.00    182672    144609  11.70400   9.72520  11.70407   9.72467  11.70470
   9.72316   9.72320      1.00    182651    144868  11.70650   9.72320  11.70645   9.72261  11.70715
   9.72106   9.72100      1.00    182192    144653  11.70900   9.72100  11.70908   9.72047  11.70970
   9.71897   9.71900      1.00    182904    145295  11.71150   9.71900  11.71146   9.71842  11.71216
   9.71687   9.71690      1.00    183264    145636  11.71400   9.71690  11.71397   9.71628  11.71471
   9.71478   9.71470      1.00    183188    145610  11.71650   9.71470  11.71660   9.71414  11.71727
   9.71269   9.71270      1.00    182737    145369  11.71900   9.71270  11.71898   9.71211  11.71969
   9.71060   9.71060      1.00    181879    144792  11.72150   9.71060  11.72149   9.71000  11.72221
   9.70851   9.70850      1.00    180617    143890  11.72400   9.70850  11.72401   9.70789  11.72474
   9.70642   9.70630      1.00    178957    142674  11.72650   9.70630  11.72664   9.70578  11.72726
   9.70433   9.70430      1.00    176792    141251  11.72900   9.70430  11.72903   9.70378  11.72966
   9.70224   9.70230      1.00    175740    140519  11.73150   9.70230  11.73143   9.70169  11.73215
   9.70015   9.70010      1.00    177473    141977  11.73400   9.70010  11.73406   9.69953  11.73475
   9.69806   9.69800      1.00    180348    144651  11.73650   9.69800  11.73658   9.69747  11.73721
   9.69598   9.69600      1.00    180588    145104  11.73900   9.69600  11.73898   9.69544  11.73964
   9.69390   9.69390      1.00    180447    145191  11.74150   9.69390  11.74149   9.69333  11.74217
   9.69181   9.69180      1.00    179946    144898  11.74400   9.69180  11.74401   9.69122  11.74471
   9.68973   9.68970      1.00    179652    144791  11.74650   9.68970  11.74654   9.68914  11.74721
   9.68765   9.68770      1.00    179371    144685  11.74900   9.68770  11.74894   9.68708  11.74968
   9.68557   9.68550      1.00    179120    144647  11.75150   9.68550  11.75158   9.68494  11.75225
   9.68349   9.68350      1.00    178782    144669  11.75400   9.68350  11.75398   9.68292  11.75469
   9.68141   9.68140      1.00    178273    144702  11.75650   9.68140  11.75651   9.68081  11.75722
   9.67933   9.67930      1.00    178067    145007  11.75900   9.67930  11.75904   9.67872  11.75973
   9.67725   9.67720      1.00    178151    145597  11.76150   9.67720  11.76156   9.67667  11.76221
   9.67518   9.67520      1.00    178406    146234  11.76400   9.67520  11.76397   9.67464  11.76465
   9.67310   9.67310      1.00    178501    146726  11.76650   9.67310  11.76650   9.67253  11.76719
   9.67103   9.67100      1.00    178136    146788  11.76900   9.67100  11.76903   9.67044  11.76970
   9.66895   9.66900      1.00    177781    146798  11.77150   9.66900  11.77144   9.66839  11.77218
   9.66688   9.66680      1.00    177495    146868  11.77400   9.66680  11.77410   9.66625  11.77476
   9.66481   9.66480      1.00    177272    146968  11.77650   9.66480  11.77651   9.66425  11.77717
   9.66274   9.66270      1.00    177000    147009  11.77900   9.66270  11.77904   9.66217  11.77969
   9.66067   9.66070      1.00    176663    146935  11.78150   9.66070  11.78146   9.66011  11.78217
   9.65860   9.65860      1.00    176418    146968  11.78400   9.65860  11.78400   9.65800  11.78472
   9.65653   9.65650      1.00    175999    146852  11.78650   9.65650  11.78654   9.65592  11.78724
   9.65446   9.65440      1.00    175788    146891  11.78900   9.65440  11.78908   9.65386  11.78973
   9.65240   9.65240      1.00    175882    147112  11.79150   9.65240  11.79149   9.65183  11.79218
   9.65033   9.65030      1.00    175359    146811  11.79400   9.65030  11.79404   9.64975  11.79470
   9.64827   9.64820      1.00    174890    146481  11.79650   9.64820  11.79658   9.64769  11.79719
   9.64620   9.64620      1.00    174472    146216  11.79900   9.64620  11.79900   9.64569  11.79961
   9.64414   9.64410      1.00    174415    146216  11.80150   9.64410  11.80155   9.64361  11.80214
   9.64208   9.64210      1.00    174632    146426  11.80400   9.64210  11.80397   9.64158  11.80460
   9.64002   9.64000      1.00    174746    146612  11.80650   9.64000  11.80652   9.63947  11.80716
   9.63796   9.63800      1.00    174727    146693  11.80900   9.63800  11.80895   9.63742  11.80965
   9.63590   9.63590      1.00    174631    146789  11.81150   9.63590  11.81149   9.63531  11.81222
   9.63384   9.63380      1.00    174638    147016  11.81400   9.63380  11.81405   9.63322  11.81475
   9.63178   9.63180      1.00    174635    147302  11.81650   9.63180  11.81648   9.63119  11.81721
   9.62972   9.62970      1.00    173899    147017  11.81900   9.62970  11.81903   9.62911  11.81974
   9.62767   9.62760      1.00    173281    146901  11.82150   9.62760  11.82158   9.62706  11.82224
   9.62561   9.62560      1.00    173381    147363  11.82400   9.62560  11.82401   9.62506  11.82468
   9.62356   9.62350      1.00    173826    148186  11.82650   9.62350  11.82657   9.62300  11.82718
   9.62150   9.62160      1.00    173784    148618  11.82900   9.62160  11.82888   9.62100  11.82961
   9.61945   9.61940      1.00    173534    148893  11.83150   9.61940  11.83156   9.61883  11.83225
   9.61740   9.61740      1.00    173680    149434  11.83400   9.61740  11.83400   9.61683  11.83469
   9.61535   9.61530      1.00    173922    150020  11.83650   9.61530  11.83656   9.61478  11.83720
   9.61330   9.61330      1.00    173910    150333  11.83900   9.61330  11.83900   9.61278  11.83964
   9.61125   9.61130      1.00    173916    150591  11.84150   9.61130  11.84144   9.61072  11.84215
   9.60920   9.60920      1.00    173631    150575  11.84400   9.60920  11.84400   9.60861  11.84472
   9.60716   9.60710      1.00    173422    150618  11.84650   9.60710  11.84657   9.60656  11.84723
   9.60511   9.60520      1.00    172734    150193  11.84900   9.60520  11.84889   9.60456  11.84968
   9.60306   9.60300      1.00    171733    149529  11.85150   9.60300  11.85158   9.60242  11.85229
   9.60102   9.60100      1.00    173003    150842  11.85400   9.60100  11.85403   9.60042  11.85474
   9.59898   9.59900      1.00    173403    151436  11.85650   9.59900  11.85647   9.59839  11.85722
   9.59693   9.59690      1.00    173598    151946  11.85900   9.59690  11.85904   9.59631  11.85977
   9.59489   9.59480      1.00    173789    152382  11.86150   9.59480  11.86161   9.59428  11.86225
   9.59285   9.59290      1.00    174233    152990  11.86400   9.59290  11.86394   9.59231  11.86467
   9.59081   9.59080      1.00    174651    153630  11.86650   9.59080  11.86651   9.59019  11.86726
   9.58877   9.58870      1.00    174510    153701  11.86900   9.58870  11.86909   9.58814  11.86978
   9.58673   9.58670      1.00    174447    153770  11.87150   9.58670  11.87154   9.58617  11.87220
   9.58470   9.58470      1.00    174639    154087  11.87400   9.58470  11.87400   9.58414  11.87468
   9.58266   9.58270      1.00    175010    154501  11.87650   9.58270  11.87645   9.58208  11.87721
   9.58062   9.58060      1.00    175221    154843  11.87900   9.58060  11.87903   9.58000  11.87977
   9.57859   9.57860      1.00    175069    154798  11.88150   9.57860  11.88149   9.57797  11.88226
   9.57656   9.57650      1.00    175372    155228  11.88400   9.57650  11.88407   9.57592  11.88478
   9.57452   9.57450      1.00    175508    155465  11.88650   9.57450  11.88653   9.57392  11.88724
   9.57249   9.57250      1.00    175806    155917  11.88900   9.57250  11.88899   9.57189  11.88974
   9.57046   9.57040      1.00    176264    156491  11.89150   9.57040  11.89157   9.56983  11.89227
   9.56843   9.56850      1.00    176552    156991  11.89400   9.56850  11.89391   9.56786  11.89470
   9.56640   9.56630      1.00    176620    157333  11.89650   9.56630  11.89662   9.56575  11.89730
   9.56437   9.56440      1.00    176652    157678  11.89900   9.56440  11.89896   9.56381  11.89969
   9.56234   9.56230      1.00    176579    158046  11.90150   9.56230  11.90155   9.56172  11.90226
   9.56031   9.56030      1.00    176688    158511  11.90400   9.56030  11.90402   9.55972  11.90473
   9.55829   9.55830      1.00    175934    158272  11.90650   9.55830  11.90649   9.55769  11.90723
   9.55626   9.55620      1.00    175766    158562  11.90900   9.55620  11.90908   9.55564  11.90977
   9.55424   9.55430      1.00    175664    158837  11.91150   9.55430  11.91142   9.55367  11.91221
   9.55221   9.55220      1.00    176405    159887  11.91400   9.55220  11.91402   9.55156  11.91481
   9.55019   9.55020      1.00    176693    160471  11.91650   9.55020  11.91649   9.54953  11.91732
   9.54817   9.54810      1.00    176728    160818  11.91900   9.54810  11.91909   9.54747  11.91986
   9.54615   9.54610      1.00    176658    160982  11.92150   9.54610  11.92156   9.54550  11.92230
   9.54413   9.54410      1.00    176768    161311  11.92400   9.54410  11.92404   9.54353  11.92474
   9.54211   9.54210      1.00    176891    161651  11.92650   9.54210  11.92651   9.54153  11.92722
   9.54009   9.54010      1.00    177171    162131  11.92900   9.54010  11.92899   9.53950  11.92973
   9.53807   9.53810      1.00    177447    162616  11.93150   9.53810  11.93147   9.53747  11.93225
   9.53606   9.53600      1.00    177927    163308  11.93400   9.53600  11.93407   9.53542  11.93479
   9.53404   9.53400      1.00    178491    164024  11.93650   9.53400  11.93655   9.53344  11.93724
   9.53203   9.53210      1.00    179120    164812  11.93900   9.53210  11.93891   9.53144  11.93972
   9.53001   9.53000      1.00    179522    165468  11.94150   9.53000  11.94151   9.52933  11.94234
   9.52800   9.52790      1.00    179562    165772  11.94400   9.52790  11.94412   9.52731  11.94486
   9.52599   9.52600      1.00    179487    165989  11.94650   9.52600  11.94648   9.52539  11.94724
   9.52397   9.52400      1.00    179415    166234  11.94900   9.52400  11.94897   9.52336  11.94976
   9.52196   9.52200      1.00    179615    166735  11.95150   9.52200  11.95145   9.52131  11.95232
   9.51995   9.51990      1.00    179811    167208  11.95400   9.51990  11.95407   9.51925  11.95488
   9.51794   9.51790      1.00    179835    167459  11.95650   9.51790  11.95656   9.51728  11.95733
   9.51594   9.51590      1.00    179735    167539  11.95900   9.51590  11.95905   9.51531  11.95979
   9.51393   9.51390      1.00    178934    166954  11.96150   9.51390  11.96154   9.51333  11.96224
   9.51192   9.51200      1.00    179714    167903  11.96400   9.51200  11.96390   9.51133  11.96473
   9.50992   9.50990      1.00    180672    168965  11.96650   9.50990  11.96652   9.50925  11.96733
   9.50791   9.50790      1.00    180413    168886  11.96900   9.50790  11.96901   9.50725  11.96983
   9.50591   9.50580      1.00    180648    169362  11.97150   9.50580  11.97163   9.50525  11.97232
   9.50390   9.50390      1.00    180778    169705  11.97400   9.50390  11.97401   9.50333  11.97471
   9.50190   9.50200      1.00    180932    170083  11.97650   9.50200  11.97638   9.50133  11.97721
   9.49990   9.49990      1.00    181279    170621  11.97900   9.49990  11.97900   9.49922  11.97985
   9.49790   9.49790      1.00    181304    170895  11.98150   9.49790  11.98150   9.49722  11.98235
   9.49590   9.49590      1.00    181264    171153  11.98400   9.49590  11.98400   9.49522  11.98485
   9.49390   9.49390      1.00    181232    171339  11.98650   9.49390  11.98650   9.49322  11.98735
   9.49190   9.49190      1.00    181349    171730  11.98900   9.49190  11.98901   9.49122  11.98985
   9.48991   9.48990      1.00    181783    172425  11.99150   9.48990  11.99151   9.48922  11.99236
   9.48791   9.48790      1.00    182072    172984  11.99400   9.48790  11.99401   9.48722  11.99486
   9.48592   9.48580      1.00    182279    173481  11.99650   9.48580  11.99664   9.48522  11.99737
   9.48392   9.48390      1.00    182344    173891  11.99900   9.48390  11.99903   9.48333  11.99974
   9.48193   9.48190      1.00    182260    174202  12.00150   9.48190  12.00153   9.48133  12.00224
   9.47993   9.48000      1.00    182386    174737  12.00400   9.48000  12.00392   9.47936  12.00472
   9.47794   9.47790      1.00    182613    175309  12.00650   9.47790  12.00655   9.47728  12.00733
   9.47595   9.47590      1.00    182870    175953  12.00900   9.47590  12.00906   9.47531  12.00981
   9.47396   9.47400      1.00    183147    176583  12.01150   9.47400  12.01145   9.47336  12.01225
   9.47197   9.47200      1.00    183326    177141  12.01400   9.47200  12.01396   9.47131  12.01484
   9.46998   9.46990      1.00    183543    177712  12.01650   9.46990  12.01660   9.46928  12.01738
   9.46799   9.46800      1.00    183534    177964  12.01900   9.46800  12.01899   9.46736  12.01980
   9.46601   9.46600      1.00    183312    178029  12.02150   9.46600  12.02151   9.46536  12.02231
   9.46402   9.46400      1.00    183528    178528  12.02400   9.46400  12.02403   9.46336  12.02483
   9.46203   9.46200      1.00    183447    178710  12.02650   9.46200  12.02654   9.46139  12.02731
   9.46005   9.46000      1.00    182793    178276  12.02900   9.46000  12.02906   9.45942  12.02980
   9.45807   9.45810      1.00    182921    178696  12.03150   9.45810  12.03146   9.45747  12.03225
   9.45608   9.45600      1.00    182917    178940  12.03400   9.45600  12.03411   9.45544  12.03481
   9.45410   9.45410      1.00    182865    179111  12.03650   9.45410  12.03650   9.45353  12.03722
   9.45212   9.45210      1.00    182758    179259  12.03900   9.45210  12.03903   9.45153  12.03975
   9.45014   9.45010      1.00    182561    179281  12.04150   9.45010  12.04155   9.44956  12.04224
   9.44816   9.44820      1.00    180429    177354  12.04400   9.44820  12.04395   9.44761  12.04469
   9.44618   9.44620      1.00    181872    179067  12.04650   9.44620  12.04648   9.44558  12.04726
   9.44420   9.44420      1.00    182158    179596  12.04900   9.44420  12.04900   9.44358  12.04978
   9.43867   9.43870      1.00    181906    180029  12.05600   9.43870  12.05596   9.43803  12.05681
   9.43314   9.43310      1.00    181953    180767  12.06300   9.43310  12.06305   9.43244  12.06388
   9.42762   9.42750      1.00    182763    182286  12.07000   9.42750  12.07015   9.42694  12.07086
   9.42211   9.42210      1.00    182553    182841  12.07700   9.42210  12.07701   9.42153  12.07774
   9.41660   9.41660      1.00    182149    183282  12.08400   9.41660  12.08400   9.41603  12.08473
   9.41110   9.41110      1.00    181681    183738  12.09100   9.41110  12.09100   9.41050  12.09176
   9.40560   9.40560      1.00    181821    184686  12.09800   9.40560  12.09801   9.40500  12.09877
   9.40012   9.40010      1.00    180424    184212  12.10500   9.40010  12.10502   9.39950  12.10579
   9.39463   9.39460      1.00    179284    184008  12.11200   9.39460  12.11204   9.39403  12.11277
   9.38916   9.38910      1.00    179522    185190  12.11900   9.38910  12.11907   9.38858  12.11974
   9.38369   9.38370      1.00    179498    186015  12.12600   9.38370  12.12599   9.38317  12.12667
   9.37823   9.37820      1.00    179688    187002  12.13300   9.37820  12.13303   9.37767  12.13372
   9.37277   9.37270      1.00    179850    187903  12.14000   9.37270  12.14009   9.37222  12.14070
   9.36732   9.36730      1.00    180003    188699  12.14700   9.36730  12.14703   9.36683  12.14763
   9.36188   9.36190      1.00    180734    190173  12.15400   9.36190  12.15397   9.36139  12.15463
   9.35644   9.35640      1.00    180817    190903  12.16100   9.35640  12.16105   9.35592  12.16167
   9.35101   9.35100      1.00    180904    191686  12.16800   9.35100  12.16801   9.35050  12.16866
   9.34558   9.34550      1.00    181243    192733  12.17500   9.34550  12.17511   9.34508  12.17565
   9.34017   9.34020      1.00    179978    192174  12.18200   9.34020  12.18196   9.33972  12.18257
   9.33475   9.33470      1.00    180170    193184  12.18900   9.33470  12.18907   9.33425  12.18965
   9.32935   9.32940      1.00    180347    194255  12.19600   9.32940  12.19593   9.32889  12.19660
   9.32395   9.32380      1.00    180747    195540  12.20300   9.32380  12.20319   9.32342  12.20369
   9.31856   9.31860      1.00    180300    196047  12.21000   9.31860  12.20994   9.31817  12.21051
   9.31317   9.31310      1.00    179973    196641  12.21700   9.31310  12.21709   9.31272  12.21758
   9.30779   9.30780      1.00    179780    197323  12.22400   9.30780  12.22398   9.30739  12.22452
   9.30241   9.30240      1.00    180113    198492  12.23100   9.30240  12.23102   9.30200  12.23154
   9.29705   9.29700      1.00    179665    198899  12.23800   9.29700  12.23806   9.29664  12.23853
   9.29168   9.29170      1.00    179175    199248  12.24500   9.29170  12.24498   9.29131  12.24549
   9.28633   9.28620      1.00    179119    200079  12.25200   9.28620  12.25217   9.28592  12.25254
   9.28098   9.28100      1.00    178620    200421  12.25900   9.28100  12.25897   9.28069  12.25937
   9.27564   9.27560      1.00    177959    200487  12.26600   9.27560  12.26605   9.27531  12.26643
   9.27030   9.27030      1.00    178486    201799  12.27300   9.27030  12.27300   9.27000  12.27339
   9.26497   9.26500      1.00    179287    203511  12.28000   9.26500  12.27996   9.26467  12.28040
   9.25964   9.25960      1.00    177784    202587  12.28700   9.25960  12.28706   9.25931  12.28744
   9.25432   9.25430      1.00    177290    202878  12.29400   9.25430  12.29403   9.25403  12.29439
   9.24901   9.24900      1.00    176041    202215  12.30100   9.24900  12.30102   9.24872  12.30138
   9.24371   9.24370      1.00    175522    202459  12.30800   9.24370  12.30801   9.24342  12.30838
   9.23841   9.23840      1.00    174060    201769  12.31500   9.23840  12.31501   9.23811  12.31539
   9.23311   9.23300      1.00    172862    201332  12.32200   9.23300  12.32215   9.23281  12.32240
   9.22782   9.22780      1.00    172693    202023  12.32900   9.22780  12.32903   9.22761  12.32928
   9.22254   9.22250      1.00    173384    203724  12.33600   9.22250  12.33605   9.22233  12.33628
   9.21727   9.21730      1.00    173194    204396  12.34300   9.21730  12.34295   9.21708  12.34324
   9.21200   9.21200      1.00    172390    204378  12.35000   9.21200  12.34999   9.21178  12.35029
   9.20673   9.20670      1.00    172024    204775  12.35700   9.20670  12.35704   9.20650  12.35731
   9.20147   9.20140      1.00    171565    205072  12.36400   9.20140  12.36410   9.20125  12.36430
   9.19622   9.19620      1.00    168756    202546  12.37100   9.19620  12.37103   9.19606  12.37122
   9.19098   9.19100      1.00    171150    206287  12.37800   9.19100  12.37797   9.19081  12.37823
   9.18574   9.18570      1.00    171456    207453  12.38500   9.18570  12.38505   9.18553  12.38528
   9.18050   9.18050      1.00    170796    207471  12.39200   9.18050  12.39200   9.18031  12.39226
   9.17527   9.17520      1.00    169992    207303  12.39900   9.17520  12.39910   9.17506  12.39929
   9.17005   9.17000      1.00    170669    209029  12.40600   9.17000  12.40607   9.16989  12.40622
   9.16484   9.16490      1.00    171374    210448  12.41300   9.16490  12.41292   9.16472  12.41315
   9.15963   9.15960      1.00    171555    211378  12.42000   9.15960  12.42004   9.15944  12.42025
   9.15442   9.15440      1.00    171829    212432  12.42700   9.15440  12.42703   9.15425  12.42723
   9.14923   9.14920      1.00    172332    213719  12.43400   9.14920  12.43403   9.14906  12.43423
   9.14403   9.14400      1.00    172738    215027  12.44100   9.14400  12.44105   9.14389  12.44120
   9.13885   9.13890      1.00    172618    215663  12.44800   9.13890  12.44793   9.13872  12.44817
   9.13367   9.13360      1.00    172206    216065  12.45500   9.13360  12.45509   9.13347  12.45526
   9.12849   9.12850      1.00    171918    216578  12.46200   9.12850  12.46199   9.12836  12.46218
   9.12332   9.12330      1.00    171602    217043  12.46900   9.12330  12.46903   9.12317  12.46921
   9.11816   9.11810      1.00    172069    218638  12.47600   9.11810  12.47608   9.11803  12.47618
   9.11301   9.11300      1.00    171429    218735  12.48300   9.11300  12.48301   9.11292  12.48312
   9.10785   9.10790      1.00    170522    218538  12.49000   9.10790  12.48994   9.10775  12.49014
   9.10271   9.10270      1.00    169994    218829  12.49700   9.10270  12.49701   9.10256  12.49721
   9.09757   9.09750      1.00    169316    218931  12.50400   9.09750  12.50410   9.09742  12.50421
   9.09244   9.09240      1.00    168773    219145  12.51100   9.09240  12.51105   9.09233  12.51114
   9.08731   9.08730      1.00    168089    219076  12.51800   9.08730  12.51801   9.08722  12.51812
   9.08219   9.08220      1.00    167421    219139  12.52500   9.08220  12.52498   9.08208  12.52514
   9.07707   9.07700      1.00    166633    219018  12.53200   9.07700  12.53210   9.07694  12.53217
   9.07196   9.07200      1.00    166611    219784  12.53900   9.07200  12.53895   9.07189  12.53910
   9.06686   9.06680      1.00    166505    220524  12.54600   9.06680  12.54608   9.06672  12.54619
   9.06176   9.06170      1.00    166522    221493  12.55300   9.06170  12.55308   9.06167  12.55313
   9.05667   9.05670      1.00    166038    221710  12.56000   9.05670  12.55995   9.05661  12.56008
   9.05158   9.05160      1.00    165894    222324  12.56700   9.05160  12.56697   9.05147  12.56715
   9.04650   9.04650      1.00    165395    222322  12.57400   9.04650  12.57400   9.04636  12.57419
   9.04142   9.04140      1.00    165248    222914  12.58100   9.04140  12.58103   9.04128  12.58120
   9.03635   9.03630      1.00    165376    224004  12.58800   9.03630  12.58807   9.03622  12.58818
   9.03129   9.03130      1.00    165003    224424  12.59500   9.03130  12.59498   9.03119  12.59513
   9.02623   9.02620      1.00    164822    225064  12.60200   9.02620  12.60204   9.02611  12.60216
   9.02118   9.02120      1.00    164150    225002  12.60900   9.02120  12.60897   9.02108  12.60913
   9.01613   9.01610      1.00    163870    225529  12.61600   9.01610  12.61604   9.01600  12.61618
   9.01109   9.01110      1.00    163379    225756  12.62300   9.01110  12.62298   9.01097  12.62316
   9.00605   9.00600      1.00    163490    226781  12.63000   9.00600  12.63007   9.00592  12.63019
   9.00102   9.00100      1.00    162229    225954  12.63700   9.00100  12.63703   9.00092  12.63715
   8.99600   8.99600      1.00    162218    226858  12.64400   8.99600  12.64400   8.99589  12.64415
   8.99098   8.99100      1.00    161783    227120  12.65100   8.99100  12.65097   8.99086  12.65116
   8.98596   8.98590      1.00    161950    228196  12.65800   8.98590  12.65809   8.98581  12.65822
   8.98096   8.98090      1.00    161467    228408  12.66500   8.98090  12.66508   8.98086  12.66513
   8.97596   8.97590      1.00    160665    228188  12.67200   8.97590  12.67208   8.97589  12.67209
   8.97096   8.97100      1.00    160219    228391  12.67900   8.97100  12.67894   8.97094  12.67902
   8.96597   8.96600      1.00    159460    228257  12.68600   8.96600  12.68595   8.96589  12.68611
   8.96098   8.96090      1.00    158662    227988  12.69300   8.96090  12.69312   8.96086  12.69317
   8.95600   8.95600      1.00    157967    227919  12.70000   8.95600  12.70000   8.95594  12.70008
   8.95103   8.95100      1.00    157230    227717  12.70700   8.95100  12.70704   8.95097  12.70708
   8.94606   8.94610      1.00    156197    227072  12.71400   8.94610  12.71394   8.94603  12.71405
   8.94110   8.94110      1.00    154686    225844  12.72100   8.94110  12.72100   8.94100  12.72114
   8.93614   8.93610      1.00    153860    225485  12.72800   8.93610  12.72806   8.93603  12.72816
   8.93119   8.93120      1.00    152677    224654  12.73500   8.93120  12.73498   8.93111  12.73511
   8.92624   8.92620      1.00    152744    225614  12.74200   8.92620  12.74206   8.92614  12.74214
