"ファイル[XAFSM.def.BL5S1]が XafsM2 の定義ファイルに選択されました。" 
"FilePath = [/usr/home/tabuchi/prog/XafsM2/XafsM2/XAFSM.def.BL5S1]" 
data link server "192.168.51.169" 6058 
Connect to SSD server "192.168.51.169" 6058 
Connect to SSD server "192.168.51.169" 6058 
jj321  0 30 
jj322  0 30 
jj321  1 30 
jj322  1 30 
jj321  2 0 
jj322  2 1 
-3750 -3750 90955 
-3500 -3750 78679 
-3250 -3750 95560 
-3000 -3750 83184 
-2750 -3750 68903 
-2500 -3750 77739 
-2250 -3750 91668 
-2000 -3750 73517 
-1750 -3750 59093 
-1500 -3750 69225 
-1250 -3750 66397 
-1000 -3750 56707 
-750 -3750 70444 
-500 -3750 72891 
-250 -3750 73040 
0 -3750 81609 
250 -3750 125241 
500 -3750 130357 
750 -3750 99573 
1000 -3750 66771 
1250 -3750 98925 
1500 -3750 83458 
1750 -3750 75120 
2000 -3750 81010 
2250 -3750 75510 
2500 -3750 79902 
2750 -3750 76766 
3000 -3750 77812 
3250 -3750 85877 
3500 -3750 81400 
-3750 -3500 62594 
-3500 -3500 73395 
-3250 -3500 66343 
-3000 -3500 67985 
-2750 -3500 66594 
-2500 -3500 79880 
-2250 -3500 58681 
-2000 -3500 59769 
-1750 -3500 66399 
-1500 -3500 68806 
-1250 -3500 66532 
-1000 -3500 65806 
-750 -3500 62897 
-500 -3500 59258 
-250 -3500 88281 
0 -3500 67290 
250 -3500 85308 
500 -3500 80110 
750 -3500 84881 
1000 -3500 52698 
1250 -3500 58831 
1500 -3500 68338 
1750 -3500 74512 
2000 -3500 89277 
2250 -3500 76355 
2500 -3500 68372 
2750 -3500 82669 
3000 -3500 116125 
3250 -3500 114361 
3500 -3500 93655 
-3750 -3250 59289 
-3500 -3250 50341 
-3250 -3250 58167 
-3000 -3250 60933 
-2750 -3250 74215 
-2500 -3250 87513 
-2250 -3250 68155 
-2000 -3250 61779 
-1750 -3250 72536 
-1500 -3250 55173 
-1250 -3250 74983 
-1000 -3250 70383 
-750 -3250 56409 
-500 -3250 69613 
-250 -3250 83684 
0 -3250 101072 
250 -3250 131542 
500 -3250 142964 
750 -3250 80642 
1000 -3250 70835 
1250 -3250 73827 
1500 -3250 85555 
1750 -3250 92409 
2000 -3250 82931 
2250 -3250 101759 
2500 -3250 81702 
2750 -3250 124568 
3000 -3250 176333 
3250 -3250 125893 
3500 -3250 77120 
-3750 -3000 62474 
-3500 -3000 92683 
-3250 -3000 79449 
-3000 -3000 86180 
-2750 -3000 84517 
-2500 -3000 82112 
-2250 -3000 67585 
-2000 -3000 78321 
-1750 -3000 65000 
-1500 -3000 74431 
-1250 -3000 77455 
-1000 -3000 67277 
-750 -3000 67258 
-500 -3000 91077 
-250 -3000 100922 
0 -3000 98891 
250 -3000 128137 
500 -3000 152914 
750 -3000 94483 
1000 -3000 73651 
1250 -3000 94811 
1500 -3000 84195 
1750 -3000 67578 
2000 -3000 69626 
2250 -3000 79132 
2500 -3000 83144 
2750 -3000 105893 
3000 -3000 171764 
3250 -3000 121538 
3500 -3000 109942 
-3750 -2750 110211 
-3500 -2750 95762 
-3250 -2750 95354 
-3000 -2750 69901 
-2750 -2750 58540 
-2500 -2750 54600 
-2250 -2750 66350 
-2000 -2750 81691 
-1750 -2750 62609 
-1500 -2750 60151 
-1250 -2750 73710 
-1000 -2750 54524 
-750 -2750 57108 
-500 -2750 85517 
-250 -2750 106899 
0 -2750 90999 
250 -2750 124649 
500 -2750 121843 
750 -2750 77071 
1000 -2750 92520 
1250 -2750 91168 
1500 -2750 72739 
1750 -2750 64529 
2000 -2750 66571 
2250 -2750 67973 
2500 -2750 69344 
2750 -2750 71244 
3000 -2750 87197 
3250 -2750 98951 
3500 -2750 102401 
-3750 -2500 83964 
-3500 -2500 60697 
-3250 -2500 60946 
-3000 -2500 82801 
-2750 -2500 55264 
-2500 -2500 57221 
-2250 -2500 62460 
-2000 -2500 75584 
-1750 -2500 66446 
-1500 -2500 63495 
-1250 -2500 56850 
-1000 -2500 68154 
-750 -2500 80182 
-500 -2500 65059 
-250 -2500 101366 
0 -2500 103019 
250 -2500 116513 
500 -2500 93040 
750 -2500 96409 
1000 -2500 116795 
1250 -2500 99742 
1500 -2500 92601 
1750 -2500 71703 
2000 -2500 88327 
2250 -2500 85844 
2500 -2500 109492 
2750 -2500 86433 
3000 -2500 88424 
3250 -2500 111542 
3500 -2500 92547 
-3750 -2250 71789 
-3500 -2250 58925 
-3250 -2250 57840 
-3000 -2250 70197 
-2750 -2250 79575 
-2500 -2250 63997 
-2250 -2250 61868 
-2000 -2250 63248 
-1750 -2250 62711 
-1500 -2250 74222 
-1250 -2250 60090 
-1000 -2250 62659 
-750 -2250 127262 
-500 -2250 142187 
-250 -2250 122109 
0 -2250 105524 
250 -2250 73388 
500 -2250 70254 
750 -2250 91087 
1000 -2250 117001 
1250 -2250 109576 
1500 -2250 99951 
1750 -2250 59449 
2000 -2250 64197 
2250 -2250 96073 
2500 -2250 111692 
2750 -2250 66263 
3000 -2250 136116 
3250 -2250 102337 
3500 -2250 127033 
-3750 -2000 77323 
-3500 -2000 56046 
-3250 -2000 50044 
-3000 -2000 48786 
-2750 -2000 68597 
-2500 -2000 92710 
-2250 -2000 73285 
-2000 -2000 60715 
-1750 -2000 61815 
-1500 -2000 58348 
-1250 -2000 60758 
-1000 -2000 64990 
-750 -2000 65997 
-500 -2000 56945 
-250 -2000 71981 
0 -2000 73944 
250 -2000 67452 
500 -2000 91672 
750 -2000 90734 
1000 -2000 85557 
1250 -2000 79665 
1500 -2000 69645 
1750 -2000 67120 
2000 -2000 104807 
2250 -2000 105014 
2500 -2000 75060 
2750 -2000 79041 
3000 -2000 126900 
3250 -2000 99435 
3500 -2000 120059 
-3750 -1750 103534 
-3500 -1750 49393 
-3250 -1750 56207 
-3000 -1750 60463 
-2750 -1750 59489 
-2500 -1750 87393 
-2250 -1750 69652 
-2000 -1750 72350 
-1750 -1750 57599 
-1500 -1750 53706 
-1250 -1750 65050 
-1000 -1750 67702 
-750 -1750 65246 
-500 -1750 60596 
-250 -1750 73988 
0 -1750 61937 
250 -1750 72514 
500 -1750 66128 
750 -1750 76047 
1000 -1750 68093 
1250 -1750 79067 
1500 -1750 75494 
1750 -1750 86998 
2000 -1750 79342 
2250 -1750 63311 
2500 -1750 71816 
2750 -1750 104300 
3000 -1750 134795 
3250 -1750 100302 
3500 -1750 122945 
-3750 -1500 91144 
-3500 -1500 71229 
-3250 -1500 75910 
-3000 -1500 69564 
-2750 -1500 65884 
-2500 -1500 62603 
-2250 -1500 50593 
-2000 -1500 52841 
-1750 -1500 60026 
-1500 -1500 56642 
-1250 -1500 67731 
-1000 -1500 63279 
-750 -1500 70517 
-500 -1500 63988 
-250 -1500 57873 
0 -1500 70391 
250 -1500 63431 
500 -1500 83970 
750 -1500 69096 
1000 -1500 71951 
1250 -1500 85552 
1500 -1500 91430 
1750 -1500 82100 
2000 -1500 71165 
2250 -1500 67942 
2500 -1500 72007 
2750 -1500 116078 
3000 -1500 112309 
3250 -1500 151950 
3500 -1500 133405 
-3750 -1250 81782 
-3500 -1250 104826 
-3250 -1250 67426 
-3000 -1250 67609 
-2750 -1250 75853 
-2500 -1250 69003 
-2250 -1250 80630 
-2000 -1250 56147 
-1750 -1250 44944 
-1500 -1250 101292 
-1250 -1250 85859 
-1000 -1250 58099 
-750 -1250 72125 
-500 -1250 46484 
-250 -1250 68247 
0 -1250 63055 
250 -1250 62658 
500 -1250 69687 
750 -1250 70219 
1000 -1250 77280 
1250 -1250 76229 
1500 -1250 92898 
1750 -1250 79438 
2000 -1250 55743 
2250 -1250 77797 
2500 -1250 71275 
2750 -1250 70378 
3000 -1250 119947 
3250 -1250 113172 
3500 -1250 132762 
-3750 -1000 73742 
-3500 -1000 80856 
-3250 -1000 56201 
-3000 -1000 63768 
-2750 -1000 73646 
-2500 -1000 56576 
-2250 -1000 53724 
-2000 -1000 72819 
-1750 -1000 63046 
-1500 -1000 62965 
-1250 -1000 60245 
-1000 -1000 65179 
-750 -1000 59805 
-500 -1000 73786 
-250 -1000 76068 
0 -1000 61512 
250 -1000 65498 
500 -1000 66236 
750 -1000 69980 
1000 -1000 61627 
1250 -1000 70710 
1500 -1000 77935 
1750 -1000 83997 
2000 -1000 66100 
2250 -1000 76198 
2500 -1000 65955 
2750 -1000 45796 
3000 -1000 70772 
3250 -1000 113755 
3500 -1000 125251 
-3750 -750 72646 
-3500 -750 67119 
-3250 -750 51690 
-3000 -750 60581 
-2750 -750 58195 
-2500 -750 63880 
-2250 -750 56618 
-2000 -750 65727 
-1750 -750 66961 
-1500 -750 60169 
-1250 -750 56909 
-1000 -750 71092 
-750 -750 73247 
-500 -750 68063 
-250 -750 77334 
0 -750 82483 
250 -750 63242 
500 -750 63397 
750 -750 64498 
1000 -750 66162 
1250 -750 65911 
1500 -750 66766 
1750 -750 82025 
2000 -750 62735 
2250 -750 73272 
2500 -750 62654 
2750 -750 65986 
3000 -750 75981 
3250 -750 134056 
3500 -750 111848 
-3750 -500 57212 
-3500 -500 51939 
-3250 -500 56692 
-3000 -500 57703 
-2750 -500 50144 
-2500 -500 57962 
-2250 -500 57963 
-2000 -500 70544 
-1750 -500 61134 
-1500 -500 59188 
-1250 -500 54210 
-1000 -500 63929 
-750 -500 68999 
-500 -500 65975 
-250 -500 66420 
0 -500 60502 
250 -500 69291 
500 -500 69385 
750 -500 65286 
1000 -500 60837 
1250 -500 63663 
1500 -500 63469 
1750 -500 70192 
2000 -500 66280 
2250 -500 65016 
2500 -500 73950 
2750 -500 59636 
3000 -500 66635 
3250 -500 55535 
3500 -500 78060 
-3750 -250 79576 
-3500 -250 86336 
-3250 -250 62974 
-3000 -250 63536 
-2750 -250 71357 
-2500 -250 44115 
-2250 -250 55946 
-2000 -250 43296 
-1750 -250 54652 
-1500 -250 58732 
-1250 -250 60423 
-1000 -250 56754 
-750 -250 68855 
-500 -250 57219 
-250 -250 60634 
0 -250 92509 
250 -250 65097 
500 -250 66865 
750 -250 66504 
1000 -250 51149 
1250 -250 62688 
1500 -250 65915 
1750 -250 58433 
2000 -250 70958 
2250 -250 60937 
2500 -250 94945 
2750 -250 74770 
3000 -250 94823 
3250 -250 84782 
3500 -250 72871 
-3750 0 45180 
-3500 0 52160 
-3250 0 69990 
-3000 0 87639 
-2750 0 78186 
-2500 0 83941 
-2250 0 59966 
-2000 0 66368 
-1750 0 64844 
-1500 0 67566 
-1250 0 59107 
-1000 0 70265 
-750 0 64322 
-500 0 51721 
-250 0 53783 
0 0 59065 
250 0 62859 
500 0 64563 
750 0 99663 
1000 0 85288 
1250 0 68192 
1500 0 72200 
1750 0 62476 
2000 0 61932 
2250 0 66816 
2500 0 71401 
2750 0 79021 
3000 0 108397 
3250 0 103955 
3500 0 107759 
-3750 250 70264 
-3500 250 73275 
-3250 250 59292 
-3000 250 98110 
-2750 250 78485 
-2500 250 68148 
-2250 250 76528 
-2000 250 60324 
-1750 250 59258 
-1500 250 90865 
-1250 250 67715 
-1000 250 115498 
-750 250 106988 
-500 250 62368 
-250 250 70364 
0 250 60742 
250 250 70707 
500 250 64084 
750 250 77291 
1000 250 111001 
1250 250 80731 
1500 250 76746 
1750 250 48494 
2000 250 104980 
2250 250 64439 
2500 250 70716 
2750 250 75033 
3000 250 101616 
3250 250 126529 
3500 250 135120 
-3750 500 86563 
-3500 500 67670 
-3250 500 59833 
-3000 500 56033 
-2750 500 52782 
-2500 500 54221 
-2250 500 58077 
-2000 500 63281 
-1750 500 105237 
-1500 500 71800 
-1250 500 42302 
-1000 500 70994 
-750 500 60809 
-500 500 68257 
-250 500 67304 
0 500 63113 
250 500 81510 
500 500 63600 
750 500 67139 
1000 500 71217 
1250 500 94901 
1500 500 74215 
1750 500 80598 
2000 500 91415 
2250 500 102930 
2500 500 69015 
2750 500 66067 
3000 500 80822 
3250 500 107877 
3500 500 85434 
-3750 750 61239 
-3500 750 58252 
-3250 750 78975 
-3000 750 46339 
-2750 750 88363 
-2500 750 99159 
-2250 750 82150 
-2000 750 94194 
-1750 750 128618 
-1500 750 77231 
-1250 750 53216 
-1000 750 60865 
-750 750 60367 
-500 750 68963 
-250 750 64426 
0 750 70236 
250 750 61906 
500 750 66647 
750 750 68917 
1000 750 83182 
1250 750 72381 
1500 750 78403 
1750 750 68688 
2000 750 64066 
2250 750 92603 
2500 750 111261 
2750 750 104798 
3000 750 72654 
3250 750 88812 
3500 750 78045 
-3750 1000 56590 
-3500 1000 62019 
-3250 1000 77401 
-3000 1000 89796 
-2750 1000 77037 
-2500 1000 67599 
-2250 1000 67063 
-2000 1000 62650 
-1750 1000 56667 
-1500 1000 82491 
-1250 1000 62074 
-1000 1000 58771 
-750 1000 56907 
-500 1000 60043 
-250 1000 71425 
0 1000 62566 
250 1000 73491 
500 1000 73500 
750 1000 65004 
1000 1000 69108 
1250 1000 61231 
1500 1000 62041 
1750 1000 52728 
2000 1000 73040 
2250 1000 82212 
2500 1000 99658 
2750 1000 116974 
3000 1000 112226 
3250 1000 93145 
3500 1000 87713 
-3750 1250 78052 
-3500 1250 75313 
-3250 1250 75738 
-3000 1250 57557 
-2750 1250 54166 
-2500 1250 72851 
-2250 1250 71816 
-2000 1250 64981 
-1750 1250 54663 
-1500 1250 67906 
-1250 1250 53904 
-1000 1250 63388 
-750 1250 66762 
-500 1250 65315 
-250 1250 59189 
0 1250 70832 
250 1250 71446 
500 1250 69962 
750 1250 68565 
1000 1250 68941 
1250 1250 71121 
1500 1250 67674 
1750 1250 87958 
2000 1250 87972 
2250 1250 124962 
2500 1250 60363 
2750 1250 72444 
3000 1250 91360 
3250 1250 90648 
3500 1250 82635 
-3750 1500 78687 
-3500 1500 63929 
-3250 1500 43333 
-3000 1500 53993 
-2750 1500 58839 
-2500 1500 79782 
-2250 1500 88874 
-2000 1500 87533 
-1750 1500 58477 
-1500 1500 69060 
-1250 1500 57749 
-1000 1500 62304 
-750 1500 64529 
-500 1500 70418 
-250 1500 72511 
0 1500 69222 
250 1500 92990 
500 1500 67424 
750 1500 66227 
1000 1500 68476 
1250 1500 73683 
1500 1500 68733 
1750 1500 68840 
2000 1500 99730 
2250 1500 81259 
2500 1500 78051 
2750 1500 81008 
3000 1500 70954 
3250 1500 69822 
3500 1500 89772 
-3750 1750 71257 
-3500 1750 79605 
-3250 1750 61634 
-3000 1750 64244 
-2750 1750 75634 
-2500 1750 92311 
-2250 1750 79903 
-2000 1750 79522 
-1750 1750 72662 
-1500 1750 57798 
-1250 1750 58490 
-1000 1750 76758 
-750 1750 67904 
-500 1750 78502 
-250 1750 71879 
0 1750 69266 
250 1750 61219 
500 1750 57836 
750 1750 71917 
1000 1750 64480 
1250 1750 58530 
1500 1750 76371 
1750 1750 66262 
2000 1750 81865 
2250 1750 90894 
2500 1750 96158 
2750 1750 76150 
3000 1750 68270 
3250 1750 74617 
3500 1750 140375 
-3750 2000 83911 
-3500 2000 88983 
-3250 2000 89150 
-3000 2000 94344 
-2750 2000 88572 
-2500 2000 103184 
-2250 2000 52314 
-2000 2000 59663 
-1750 2000 83102 
-1500 2000 55401 
-1250 2000 62872 
-1000 2000 52823 
-750 2000 55048 
-500 2000 60300 
-250 2000 56410 
0 2000 76583 
250 2000 64433 
500 2000 66348 
750 2000 64860 
1000 2000 58475 
1250 2000 65283 
1500 2000 72709 
1750 2000 75995 
2000 2000 69590 
2250 2000 76225 
2500 2000 110921 
2750 2000 73799 
3000 2000 109677 
3250 2000 116863 
3500 2000 126781 
-3750 2250 78676 
-3500 2250 84664 
-3250 2250 93188 
-3000 2250 72896 
-2750 2250 79934 
-2500 2250 65404 
-2250 2250 48766 
-2000 2250 57362 
-1750 2250 52310 
-1500 2250 81856 
-1250 2250 61566 
-1000 2250 58012 
-750 2250 55066 
-500 2250 50911 
-250 2250 58029 
0 2250 63058 
250 2250 59572 
500 2250 66625 
750 2250 64207 
1000 2250 57568 
1250 2250 66222 
1500 2250 71863 
1750 2250 73582 
2000 2250 76953 
2250 2250 59074 
2500 2250 93411 
2750 2250 84596 
3000 2250 96013 
3250 2250 105808 
3500 2250 81501 
-3750 2500 65683 
-3500 2500 52608 
-3250 2500 56112 
-3000 2500 66339 
-2750 2500 103768 
-2500 2500 102027 
-2250 2500 70888 
-2000 2500 60008 
-1750 2500 60611 
-1500 2500 85069 
-1250 2500 104352 
-1000 2500 52897 
-750 2500 48956 
-500 2500 60476 
-250 2500 60554 
0 2500 66219 
250 2500 62803 
500 2500 72582 
750 2500 67749 
1000 2500 85509 
1250 2500 69218 
1500 2500 76127 
1750 2500 76079 
2000 2500 78579 
2250 2500 77188 
2500 2500 88424 
2750 2500 98170 
3000 2500 114422 
3250 2500 85290 
3500 2500 84628 
-3750 2750 52691 
-3500 2750 62021 
-3250 2750 52510 
-3000 2750 66137 
-2750 2750 101372 
-2500 2750 86929 
-2250 2750 75773 
-2000 2750 63308 
-1750 2750 64692 
-1500 2750 101495 
-1250 2750 84417 
-1000 2750 48295 
-750 2750 62317 
-500 2750 63802 
-250 2750 70347 
0 2750 62302 
250 2750 67403 
500 2750 73930 
750 2750 97996 
1000 2750 92493 
1250 2750 74315 
1500 2750 75301 
1750 2750 67876 
2000 2750 81245 
2250 2750 83200 
2500 2750 108289 
2750 2750 96899 
3000 2750 110025 
3250 2750 79385 
3500 2750 65378 
-3750 3000 67591 
-3500 3000 49380 
-3250 3000 63083 
-3000 3000 65786 
-2750 3000 87589 
-2500 3000 80673 
-2250 3000 64237 
-2000 3000 63084 
-1750 3000 66232 
-1500 3000 62173 
-1250 3000 88439 
-1000 3000 61554 
-750 3000 61354 
-500 3000 49800 
-250 3000 68376 
0 3000 69259 
250 3000 56815 
500 3000 72601 
750 3000 79677 
1000 3000 75454 
1250 3000 80234 
1500 3000 73683 
1750 3000 67668 
2000 3000 82593 
2250 3000 79078 
2500 3000 79957 
2750 3000 101114 
3000 3000 90311 
3250 3000 91671 
3500 3000 93263 
-3750 3250 106403 
-3500 3250 61421 
-3250 3250 60433 
-3000 3250 60877 
-2750 3250 96555 
-2500 3250 78804 
-2250 3250 87832 
-2000 3250 77239 
-1750 3250 51744 
-1500 3250 59227 
-1250 3250 83289 
-1000 3250 78485 
-750 3250 51974 
-500 3250 65041 
-250 3250 69524 
0 3250 66510 
250 3250 71588 
500 3250 81777 
750 3250 67479 
1000 3250 59156 
1250 3250 63883 
1500 3250 78278 
1750 3250 71822 
2000 3250 66066 
2250 3250 48098 
2500 3250 75493 
2750 3250 112266 
3000 3250 96263 
3250 3250 72866 
3500 3250 73303 
-3750 3500 52134 
-3500 3500 69746 
-3250 3500 68493 
-3000 3500 47758 
-2750 3500 82075 
-2500 3500 82656 
-2250 3500 99209 
-2000 3500 63547 
-1750 3500 62498 
-1500 3500 63725 
-1250 3500 60896 
-1000 3500 65227 
-750 3500 68532 
-500 3500 112000 
-250 3500 60282 
0 3500 69155 
250 3500 66711 
500 3500 62109 
750 3500 74614 
1000 3500 71206 
1250 3500 78243 
1500 3500 74891 
1750 3500 123117 
2000 3500 69485 
2250 3500 91297 
2500 3500 77607 
2750 3500 88912 
3000 3500 84491 
3250 3500 78041 
3500 3500 73200 
jj321  0 30 
jj322  0 30 
jj321  1 30 
jj322  1 30 
jj321  2 0 
jj322  2 1 
-3750 -3750 80080 
-3500 -3750 70137 
-3250 -3750 123729 
-3000 -3750 137322 
-2750 -3750 163526 
-2500 -3750 176726 
-2250 -3750 194994 
-2000 -3750 121186 
-1750 -3750 85272 
-1500 -3750 54600 
-1250 -3750 38443 
-1000 -3750 20485 
-750 -3750 27213 
-500 -3750 39606 
-250 -3750 56219 
0 -3750 78190 
250 -3750 132471 
500 -3750 134448 
750 -3750 90517 
1000 -3750 59161 
1250 -3750 57703 
1500 -3750 55898 
1750 -3750 66930 
2000 -3750 64597 
2250 -3750 56942 
2500 -3750 42093 
2750 -3750 32046 
3000 -3750 25742 
3250 -3750 44333 
3500 -3750 55773 
-3750 -3500 103140 
-3500 -3500 163634 
-3250 -3500 167032 
-3000 -3500 187038 
-2750 -3500 201930 
-2500 -3500 202616 
-2250 -3500 154925 
-2000 -3500 113103 
-1750 -3500 77168 
-1500 -3500 50103 
-1250 -3500 29262 
-1000 -3500 23116 
-750 -3500 30460 
-500 -3500 46525 
-250 -3500 72285 
0 -3500 74663 
250 -3500 106162 
500 -3500 91554 
750 -3500 78684 
1000 -3500 64480 
1250 -3500 73201 
1500 -3500 95619 
1750 -3500 109774 
2000 -3500 123213 
2250 -3500 97709 
2500 -3500 71761 
2750 -3500 54609 
3000 -3500 51293 
3250 -3500 71829 
3500 -3500 84281 
-3750 -3250 136117 
-3500 -3250 144166 
-3250 -3250 151580 
-3000 -3250 208647 
-2750 -3250 236624 
-2500 -3250 222924 
-2250 -3250 171475 
-2000 -3250 100869 
-1750 -3250 64613 
-1500 -3250 37741 
-1250 -3250 25413 
-1000 -3250 23519 
-750 -3250 30215 
-500 -3250 53432 
-250 -3250 69540 
0 -3250 82683 
250 -3250 98024 
500 -3250 83133 
750 -3250 70602 
1000 -3250 80973 
1250 -3250 115308 
1500 -3250 148778 
1750 -3250 212911 
2000 -3250 203722 
2250 -3250 173376 
2500 -3250 132743 
2750 -3250 108820 
3000 -3250 77412 
3250 -3250 96930 
3500 -3250 106929 
-3750 -3000 139588 
-3500 -3000 197926 
-3250 -3000 183603 
-3000 -3000 210477 
-2750 -3000 228257 
-2500 -3000 197292 
-2250 -3000 115044 
-2000 -3000 98461 
-1750 -3000 51088 
-1500 -3000 31380 
-1250 -3000 22032 
-1000 -3000 23821 
-750 -3000 33781 
-500 -3000 55847 
-250 -3000 52505 
0 -3000 55007 
250 -3000 59801 
500 -3000 62490 
750 -3000 75471 
1000 -3000 67000 
1250 -3000 161714 
1500 -3000 207745 
1750 -3000 231935 
2000 -3000 270563 
2250 -3000 260407 
2500 -3000 204054 
2750 -3000 155921 
3000 -3000 107488 
3250 -3000 99769 
3500 -3000 156200 
-3750 -2750 174782 
-3500 -2750 166492 
-3250 -2750 212641 
-3000 -2750 183109 
-2750 -2750 215348 
-2500 -2750 156074 
-2250 -2750 119898 
-2000 -2750 81493 
-1750 -2750 44582 
-1500 -2750 29186 
-1250 -2750 20076 
-1000 -2750 21265 
-750 -2750 32895 
-500 -2750 47257 
-250 -2750 59889 
0 -2750 48364 
250 -2750 55500 
500 -2750 56179 
750 -2750 76377 
1000 -2750 126222 
1250 -2750 181448 
1500 -2750 192302 
1750 -2750 249702 
2000 -2750 232730 
2250 -2750 262880 
2500 -2750 246212 
2750 -2750 171789 
3000 -2750 123263 
3250 -2750 143304 
3500 -2750 195754 
-3750 -2500 162471 
-3500 -2500 174270 
-3250 -2500 153072 
-3000 -2500 174035 
-2750 -2500 152369 
-2500 -2500 142971 
-2250 -2500 95460 
-2000 -2500 63213 
-1750 -2500 36256 
-1500 -2500 21056 
-1250 -2500 14189 
-1000 -2500 15089 
-750 -2500 21255 
-500 -2500 22181 
-250 -2500 33921 
0 -2500 34920 
250 -2500 41867 
500 -2500 55929 
750 -2500 93126 
1000 -2500 148913 
1250 -2500 234721 
1500 -2500 237872 
1750 -2500 271217 
2000 -2500 301723 
2250 -2500 283575 
2500 -2500 350540 
2750 -2500 214012 
3000 -2500 152681 
3250 -2500 184295 
3500 -2500 180040 
-3750 -2250 115821 
-3500 -2250 182514 
-3250 -2250 188277 
-3000 -2250 179897 
-2750 -2250 200810 
-2500 -2250 160898 
-2250 -2250 90198 
-2000 -2250 58992 
-1750 -2250 31285 
-1500 -2250 20270 
-1250 -2250 12340 
-1000 -2250 12268 
-750 -2250 18498 
-500 -2250 24987 
-250 -2250 22718 
0 -2250 25919 
250 -2250 28571 
500 -2250 46887 
750 -2250 79653 
1000 -2250 170172 
1250 -2250 219129 
1500 -2250 252085 
1750 -2250 229454 
2000 -2250 304769 
2250 -2250 308699 
2500 -2250 294614 
2750 -2250 169667 
3000 -2250 200910 
3250 -2250 168057 
3500 -2250 203357 
-3750 -2000 149115 
-3500 -2000 148558 
-3250 -2000 126475 
-3000 -2000 152990 
-2750 -2000 169131 
-2500 -2000 170163 
-2250 -2000 86698 
-2000 -2000 57674 
-1750 -2000 30950 
-1500 -2000 18196 
-1250 -2000 16181 
-1000 -2000 13856 
-750 -2000 12901 
-500 -2000 14169 
-250 -2000 17346 
0 -2000 21343 
250 -2000 22359 
500 -2000 47627 
750 -2000 83547 
1000 -2000 134535 
1250 -2000 165006 
1500 -2000 215400 
1750 -2000 233472 
2000 -2000 333951 
2250 -2000 292903 
2500 -2000 151766 
2750 -2000 172542 
3000 -2000 152178 
3250 -2000 129537 
3500 -2000 195101 
-3750 -1750 144102 
-3500 -1750 129042 
-3250 -1750 124649 
-3000 -1750 139139 
-2750 -1750 102218 
-2500 -1750 111776 
-2250 -1750 69781 
-2000 -1750 42854 
-1750 -1750 21977 
-1500 -1750 14191 
-1250 -1750 12584 
-1000 -1750 13018 
-750 -1750 13816 
-500 -1750 14163 
-250 -1750 14352 
0 -1750 17101 
250 -1750 21859 
500 -1750 34933 
750 -1750 61022 
1000 -1750 85964 
1250 -1750 133541 
1500 -1750 150601 
1750 -1750 215390 
2000 -1750 220275 
2250 -1750 185579 
2500 -1750 154299 
2750 -1750 173324 
3000 -1750 111192 
3250 -1750 146134 
3500 -1750 211926 
-3750 -1500 129488 
-3500 -1500 135415 
-3250 -1500 126277 
-3000 -1500 105492 
-2750 -1500 81388 
-2500 -1500 62919 
-2250 -1500 42868 
-2000 -1500 32684 
-1750 -1500 18032 
-1500 -1500 13706 
-1250 -1500 13988 
-1000 -1500 12723 
-750 -1500 14483 
-500 -1500 14317 
-250 -1500 10970 
0 -1500 15344 
250 -1500 18192 
500 -1500 24692 
750 -1500 34158 
1000 -1500 52495 
1250 -1500 75473 
1500 -1500 108358 
1750 -1500 126828 
2000 -1500 134733 
2250 -1500 115689 
2500 -1500 73010 
2750 -1500 94937 
3000 -1500 92834 
3250 -1500 137899 
3500 -1500 181284 
-3750 -1250 113972 
-3500 -1250 131674 
-3250 -1250 102320 
-3000 -1250 89468 
-2750 -1250 57723 
-2500 -1250 47222 
-2250 -1250 32553 
-2000 -1250 20365 
-1750 -1250 13840 
-1500 -1250 14748 
-1250 -1250 13623 
-1000 -1250 11127 
-750 -1250 12768 
-500 -1250 10468 
-250 -1250 11427 
0 -1250 11134 
250 -1250 13777 
500 -1250 14677 
750 -1250 21074 
1000 -1250 30174 
1250 -1250 40901 
1500 -1250 65063 
1750 -1250 68465 
2000 -1250 58797 
2250 -1250 60967 
2500 -1250 57307 
2750 -1250 57602 
3000 -1250 95410 
3250 -1250 113474 
3500 -1250 188893 
-3750 -1000 119486 
-3500 -1000 155359 
-3250 -1000 107767 
-3000 -1000 75164 
-2750 -1000 61741 
-2500 -1000 34396 
-2250 -1000 20855 
-2000 -1000 24020 
-1750 -1000 17329 
-1500 -1000 15254 
-1250 -1000 13865 
-1000 -1000 10698 
-750 -1000 12452 
-500 -1000 11794 
-250 -1000 13384 
0 -1000 11937 
250 -1000 12184 
500 -1000 12093 
750 -1000 14838 
1000 -1000 17589 
1250 -1000 25337 
1500 -1000 34303 
1750 -1000 36425 
2000 -1000 35266 
2250 -1000 35259 
2500 -1000 33516 
2750 -1000 41716 
3000 -1000 56047 
3250 -1000 131925 
3500 -1000 204050 
-3750 -750 115834 
-3500 -750 145769 
-3250 -750 85759 
-3000 -750 77562 
-2750 -750 55413 
-2500 -750 45103 
-2250 -750 29984 
-2000 -750 28754 
-1750 -750 28192 
-1500 -750 20190 
-1250 -750 16770 
-1000 -750 15919 
-750 -750 14045 
-500 -750 11858 
-250 -750 12753 
0 -750 13541 
250 -750 12067 
500 -750 12138 
750 -750 13489 
1000 -750 12716 
1250 -750 16580 
1500 -750 18298 
1750 -750 21733 
2000 -750 20988 
2250 -750 23366 
2500 -750 24353 
2750 -750 41182 
3000 -750 63384 
3250 -750 113327 
3500 -750 170344 
-3750 -500 86166 
-3500 -500 97396 
-3250 -500 95490 
-3000 -500 74865 
-2750 -500 60063 
-2500 -500 56763 
-2250 -500 41076 
-2000 -500 43773 
-1750 -500 32915 
-1500 -500 32829 
-1250 -500 22522 
-1000 -500 20846 
-750 -500 17688 
-500 -500 14226 
-250 -500 12941 
0 -500 11755 
250 -500 11573 
500 -500 12404 
750 -500 11794 
1000 -500 12414 
1250 -500 14349 
1500 -500 13845 
1750 -500 15128 
2000 -500 17731 
2250 -500 18102 
2500 -500 22654 
2750 -500 29184 
3000 -500 49795 
3250 -500 76333 
3500 -500 107267 
-3750 -250 86508 
-3500 -250 101334 
-3250 -250 80273 
-3000 -250 88233 
-2750 -250 85284 
-2500 -250 62241 
-2250 -250 76346 
-2000 -250 45326 
-1750 -250 59200 
-1500 -250 55773 
-1250 -250 45789 
-1000 -250 25981 
-750 -250 26975 
-500 -250 18208 
-250 -250 14228 
0 -250 13112 
250 -250 10618 
500 -250 12039 
750 -250 10770 
1000 -250 10938 
1250 -250 11651 
1500 -250 12721 
1750 -250 12269 
2000 -250 14870 
2250 -250 14024 
2500 -250 21409 
2750 -250 32246 
3000 -250 44223 
3250 -250 59949 
3500 -250 88972 
-3750 0 76749 
-3500 0 87285 
-3250 0 99302 
-3000 0 106694 
-2750 0 108806 
-2500 0 119446 
-2250 0 92933 
-2000 0 116622 
-1750 0 120438 
-1500 0 110325 
-1250 0 67652 
-1000 0 48016 
-750 0 31778 
-500 0 23059 
-250 0 17431 
0 0 12525 
250 0 11228 
500 0 11314 
750 0 11967 
1000 0 11902 
1250 0 11481 
1500 0 12158 
1750 0 13216 
2000 0 15238 
2250 0 17021 
2500 0 22401 
2750 0 32882 
3000 0 50014 
3250 0 67866 
3500 0 86819 
-3750 250 84520 
-3500 250 101701 
-3250 250 99476 
-3000 250 132680 
-2750 250 129720 
-2500 250 110228 
-2250 250 142802 
-2000 250 142657 
-1750 250 190093 
-1500 250 174524 
-1250 250 121141 
-1000 250 104488 
-750 250 78069 
-500 250 37362 
-250 250 20361 
0 250 15037 
250 250 12254 
500 250 11786 
750 250 11955 
1000 250 12192 
1250 250 15183 
1500 250 17229 
1750 250 12424 
2000 250 20240 
2250 250 16211 
2500 250 27817 
2750 250 43976 
3000 250 67673 
3250 250 94363 
3500 250 148531 
-3750 500 111094 
-3500 500 115120 
-3250 500 126210 
-3000 500 155078 
-2750 500 147972 
-2500 500 167446 
-2250 500 208650 
-2000 500 228177 
-1750 500 210825 
-1500 500 197132 
-1250 500 138745 
-1000 500 126035 
-750 500 89172 
-500 500 52109 
-250 500 30789 
0 500 16913 
250 500 13744 
500 500 12900 
750 500 12987 
1000 500 12400 
1250 500 16037 
1500 500 15545 
1750 500 20878 
2000 500 27714 
2250 500 38365 
2500 500 40120 
2750 500 50556 
3000 500 94289 
3250 500 143160 
3500 500 195908 
-3750 750 115084 
-3500 750 109014 
-3250 750 141307 
-3000 750 108863 
-2750 750 192795 
-2500 750 215139 
-2250 750 209940 
-2000 750 189936 
-1750 750 204743 
-1500 750 173576 
-1250 750 191050 
-1000 750 172934 
-750 750 99807 
-500 750 65106 
-250 750 32960 
0 750 18858 
250 750 13885 
500 750 12604 
750 750 11942 
1000 750 13626 
1250 750 15218 
1500 750 19904 
1750 750 25458 
2000 750 33818 
2250 750 53011 
2500 750 69970 
2750 750 72974 
3000 750 107519 
3250 750 148032 
3500 750 201824 
-3750 1000 0 
-3500 1000 0 
-3250 1000 0 
-3000 1000 0 
-2750 1000 0 
-2500 1000 0 
-2250 1000 0 
-2000 1000 0 
-1750 1000 0 
-1500 1000 0 
-1250 1000 0 
-1000 1000 0 
-750 1000 0 
-500 1000 0 
-250 1000 0 
0 1000 0 
250 1000 0 
500 1000 0 
750 1000 0 
1000 1000 0 
1250 1000 1 
1500 1000 0 
1750 1000 0 
2000 1000 0 
2250 1000 0 
2500 1000 0 
2750 1000 0 
3000 1000 0 
3250 1000 0 
3500 1000 0 
-3750 1250 0 
-3500 1250 0 
-3250 1250 0 
-3000 1250 0 
-2750 1250 0 
-2500 1250 0 
-2250 1250 0 
-2000 1250 0 
-1750 1250 0 
-1500 1250 0 
-1250 1250 0 
-1000 1250 0 
-750 1250 0 
-500 1250 0 
-250 1250 0 
0 1250 0 
250 1250 0 
500 1250 0 
750 1250 0 
1000 1250 0 
1250 1250 0 
1500 1250 0 
1750 1250 0 
2000 1250 0 
2250 1250 0 
2500 1250 0 
2750 1250 0 
3000 1250 0 
3250 1250 0 
3500 1250 0 
-3750 1500 0 
-3500 1500 0 
-3250 1500 0 
-3000 1500 0 
-2750 1500 0 
-2500 1500 0 
-2250 1500 0 
-2000 1500 0 
-1750 1500 0 
-1500 1500 0 
-1250 1500 0 
-1000 1500 0 
-750 1500 0 
-500 1500 0 
-250 1500 0 
0 1500 0 
250 1500 0 
500 1500 0 
750 1500 0 
1000 1500 0 
1250 1500 0 
1500 1500 0 
1750 1500 0 
2000 1500 0 
2250 1500 0 
2500 1500 0 
2750 1500 0 
3000 1500 0 
3250 1500 0 
3500 1500 0 
-3750 1750 0 
-3500 1750 0 
-3250 1750 0 
-3000 1750 0 
-2750 1750 0 
-2500 1750 0 
-2250 1750 0 
-2000 1750 0 
-1750 1750 0 
-1500 1750 0 
-1250 1750 0 
-1000 1750 0 
-750 1750 0 
-500 1750 0 
-250 1750 0 
0 1750 0 
250 1750 0 
500 1750 0 
750 1750 0 
1000 1750 0 
1250 1750 0 
1500 1750 0 
1750 1750 0 
2000 1750 0 
2250 1750 1 
2500 1750 0 
2750 1750 0 
3000 1750 0 
3250 1750 0 
3500 1750 0 
-3750 2000 0 
-3500 2000 0 
-3250 2000 0 
-3000 2000 0 
-2750 2000 0 
-2500 2000 0 
-2250 2000 0 
-2000 2000 0 
-1750 2000 0 
-1500 2000 0 
-1250 2000 0 
-1000 2000 0 
-750 2000 0 
-500 2000 0 
-250 2000 0 
0 2000 0 
250 2000 0 
500 2000 0 
750 2000 0 
1000 2000 0 
1250 2000 0 
1500 2000 0 
1750 2000 0 
2000 2000 0 
2250 2000 0 
2500 2000 0 
2750 2000 0 
3000 2000 0 
3250 2000 0 
3500 2000 0 
-3750 2250 0 
-3500 2250 0 
-3250 2250 0 
-3000 2250 0 
-2750 2250 0 
-2500 2250 0 
-2250 2250 0 
-2000 2250 0 
-1750 2250 0 
-1500 2250 0 
-1250 2250 0 
-1000 2250 0 
-750 2250 0 
-500 2250 0 
-250 2250 0 
0 2250 0 
250 2250 0 
500 2250 0 
750 2250 0 
1000 2250 0 
1250 2250 0 
1500 2250 0 
1750 2250 0 
2000 2250 0 
2250 2250 0 
2500 2250 0 
2750 2250 0 
3000 2250 0 
3250 2250 0 
3500 2250 0 
-3750 2500 0 
-3500 2500 0 
-3250 2500 0 
-3000 2500 0 
-2750 2500 0 
-2500 2500 0 
-2250 2500 0 
-2000 2500 0 
-1750 2500 0 
-1500 2500 0 
-1250 2500 0 
-1000 2500 1 
-750 2500 0 
-500 2500 0 
-250 2500 0 
0 2500 0 
250 2500 0 
500 2500 0 
750 2500 1 
1000 2500 0 
1250 2500 0 
1500 2500 0 
1750 2500 0 
2000 2500 0 
2250 2500 0 
2500 2500 0 
2750 2500 0 
3000 2500 0 
3250 2500 0 
3500 2500 0 
-3750 2750 0 
-3500 2750 0 
-3250 2750 0 
-3000 2750 0 
-2750 2750 0 
-2500 2750 0 
-2250 2750 0 
-2000 2750 0 
-1750 2750 0 
-1500 2750 0 
-1250 2750 0 
-1000 2750 0 
-750 2750 0 
-500 2750 0 
-250 2750 0 
0 2750 0 
250 2750 0 
500 2750 0 
750 2750 0 
1000 2750 0 
1250 2750 0 
1500 2750 0 
1750 2750 0 
2000 2750 0 
2250 2750 0 
2500 2750 0 
2750 2750 0 
3000 2750 0 
3250 2750 0 
3500 2750 0 
-3750 3000 0 
-3500 3000 0 
-3250 3000 0 
-3000 3000 0 
-2750 3000 0 
-2500 3000 0 
-2250 3000 0 
-2000 3000 0 
-1750 3000 0 
-1500 3000 0 
-1250 3000 0 
-1000 3000 0 
-750 3000 0 
-500 3000 0 
-250 3000 0 
0 3000 0 
250 3000 0 
500 3000 0 
750 3000 0 
1000 3000 0 
1250 3000 0 
1500 3000 0 
1750 3000 0 
2000 3000 0 
2250 3000 0 
2500 3000 0 
2750 3000 0 
3000 3000 0 
3250 3000 0 
3500 3000 0 
-3750 3250 0 
-3500 3250 0 
-3250 3250 0 
-3000 3250 0 
-2750 3250 0 
-2500 3250 0 
-2250 3250 0 
-2000 3250 0 
-1750 3250 0 
-1500 3250 0 
-1250 3250 0 
-1000 3250 0 
-750 3250 0 
-500 3250 0 
-250 3250 0 
0 3250 0 
250 3250 0 
500 3250 0 
750 3250 0 
1000 3250 0 
1250 3250 1 
1500 3250 0 
1750 3250 0 
2000 3250 0 
2250 3250 0 
2500 3250 0 
2750 3250 0 
3000 3250 1 
3250 3250 0 
3500 3250 0 
-3750 3500 0 
-3500 3500 0 
-3250 3500 0 
-3000 3500 0 
-2750 3500 0 
-2500 3500 0 
-2250 3500 0 
-2000 3500 0 
-1750 3500 0 
-1500 3500 0 
-1250 3500 0 
-1000 3500 0 
-750 3500 0 
-500 3500 0 
-250 3500 0 
0 3500 0 
250 3500 0 
500 3500 0 
750 3500 0 
1000 3500 0 
1250 3500 0 
1500 3500 0 
1750 3500 0 
2000 3500 0 
2250 3500 0 
2500 3500 0 
2750 3500 0 
3000 3500 0 
3250 3500 0 
3500 3500 0 
