-3750 -3750 90955 
-3500 -3750 78679 
-3250 -3750 95560 
-3000 -3750 83184 
-2750 -3750 68903 
-2500 -3750 77739 
-2250 -3750 91668 
-2000 -3750 73517 
-1750 -3750 59093 
-1500 -3750 69225 
-1250 -3750 66397 
-1000 -3750 56707 
-750 -3750 70444 
-500 -3750 72891 
-250 -3750 73040 
0 -3750 81609 
250 -3750 125241 
500 -3750 130357 
750 -3750 99573 
1000 -3750 66771 
1250 -3750 98925 
1500 -3750 83458 
1750 -3750 75120 
2000 -3750 81010 
2250 -3750 75510 
2500 -3750 79902 
2750 -3750 76766 
3000 -3750 77812 
3250 -3750 85877 
3500 -3750 81400 

-3750 -3500 62594 
-3500 -3500 73395 
-3250 -3500 66343 
-3000 -3500 67985 
-2750 -3500 66594 
-2500 -3500 79880 
-2250 -3500 58681 
-2000 -3500 59769 
-1750 -3500 66399 
-1500 -3500 68806 
-1250 -3500 66532 
-1000 -3500 65806 
-750 -3500 62897 
-500 -3500 59258 
-250 -3500 88281 
0 -3500 67290 
250 -3500 85308 
500 -3500 80110 
750 -3500 84881 
1000 -3500 52698 
1250 -3500 58831 
1500 -3500 68338 
1750 -3500 74512 
2000 -3500 89277 
2250 -3500 76355 
2500 -3500 68372 
2750 -3500 82669 
3000 -3500 116125 
3250 -3500 114361 
3500 -3500 93655 

-3750 -3250 59289 
-3500 -3250 50341 
-3250 -3250 58167 
-3000 -3250 60933 
-2750 -3250 74215 
-2500 -3250 87513 
-2250 -3250 68155 
-2000 -3250 61779 
-1750 -3250 72536 
-1500 -3250 55173 
-1250 -3250 74983 
-1000 -3250 70383 
-750 -3250 56409 
-500 -3250 69613 
-250 -3250 83684 
0 -3250 101072 
250 -3250 131542 
500 -3250 142964 
750 -3250 80642 
1000 -3250 70835 
1250 -3250 73827 
1500 -3250 85555 
1750 -3250 92409 
2000 -3250 82931 
2250 -3250 101759 
2500 -3250 81702 
2750 -3250 124568 
3000 -3250 176333 
3250 -3250 125893 
3500 -3250 77120 

-3750 -3000 62474 
-3500 -3000 92683 
-3250 -3000 79449 
-3000 -3000 86180 
-2750 -3000 84517 
-2500 -3000 82112 
-2250 -3000 67585 
-2000 -3000 78321 
-1750 -3000 65000 
-1500 -3000 74431 
-1250 -3000 77455 
-1000 -3000 67277 
-750 -3000 67258 
-500 -3000 91077 
-250 -3000 100922 
0 -3000 98891 
250 -3000 128137 
500 -3000 152914 
750 -3000 94483 
1000 -3000 73651 
1250 -3000 94811 
1500 -3000 84195 
1750 -3000 67578 
2000 -3000 69626 
2250 -3000 79132 
2500 -3000 83144 
2750 -3000 105893 
3000 -3000 171764 
3250 -3000 121538 
3500 -3000 109942 

-3750 -2750 110211 
-3500 -2750 95762 
-3250 -2750 95354 
-3000 -2750 69901 
-2750 -2750 58540 
-2500 -2750 54600 
-2250 -2750 66350 
-2000 -2750 81691 
-1750 -2750 62609 
-1500 -2750 60151 
-1250 -2750 73710 
-1000 -2750 54524 
-750 -2750 57108 
-500 -2750 85517 
-250 -2750 106899 
0 -2750 90999 
250 -2750 124649 
500 -2750 121843 
750 -2750 77071 
1000 -2750 92520 
1250 -2750 91168 
1500 -2750 72739 
1750 -2750 64529 
2000 -2750 66571 
2250 -2750 67973 
2500 -2750 69344 
2750 -2750 71244 
3000 -2750 87197 
3250 -2750 98951 
3500 -2750 102401 

-3750 -2500 83964 
-3500 -2500 60697 
-3250 -2500 60946 
-3000 -2500 82801 
-2750 -2500 55264 
-2500 -2500 57221 
-2250 -2500 62460 
-2000 -2500 75584 
-1750 -2500 66446 
-1500 -2500 63495 
-1250 -2500 56850 
-1000 -2500 68154 
-750 -2500 80182 
-500 -2500 65059 
-250 -2500 101366 
0 -2500 103019 
250 -2500 116513 
500 -2500 93040 
750 -2500 96409 
1000 -2500 116795 
1250 -2500 99742 
1500 -2500 92601 
1750 -2500 71703 
2000 -2500 88327 
2250 -2500 85844 
2500 -2500 109492 
2750 -2500 86433 
3000 -2500 88424 
3250 -2500 111542 
3500 -2500 92547 

-3750 -2250 71789 
-3500 -2250 58925 
-3250 -2250 57840 
-3000 -2250 70197 
-2750 -2250 79575 
-2500 -2250 63997 
-2250 -2250 61868 
-2000 -2250 63248 
-1750 -2250 62711 
-1500 -2250 74222 
-1250 -2250 60090 
-1000 -2250 62659 
-750 -2250 127262 
-500 -2250 142187 
-250 -2250 122109 
0 -2250 105524 
250 -2250 73388 
500 -2250 70254 
750 -2250 91087 
1000 -2250 117001 
1250 -2250 109576 
1500 -2250 99951 
1750 -2250 59449 
2000 -2250 64197 
2250 -2250 96073 
2500 -2250 111692 
2750 -2250 66263 
3000 -2250 136116 
3250 -2250 102337 
3500 -2250 127033 

-3750 -2000 77323 
-3500 -2000 56046 
-3250 -2000 50044 
-3000 -2000 48786 
-2750 -2000 68597 
-2500 -2000 92710 
-2250 -2000 73285 
-2000 -2000 60715 
-1750 -2000 61815 
-1500 -2000 58348 
-1250 -2000 60758 
-1000 -2000 64990 
-750 -2000 65997 
-500 -2000 56945 
-250 -2000 71981 
0 -2000 73944 
250 -2000 67452 
500 -2000 91672 
750 -2000 90734 
1000 -2000 85557 
1250 -2000 79665 
1500 -2000 69645 
1750 -2000 67120 
2000 -2000 104807 
2250 -2000 105014 
2500 -2000 75060 
2750 -2000 79041 
3000 -2000 126900 
3250 -2000 99435 
3500 -2000 120059 

-3750 -1750 103534 
-3500 -1750 49393 
-3250 -1750 56207 
-3000 -1750 60463 
-2750 -1750 59489 
-2500 -1750 87393 
-2250 -1750 69652 
-2000 -1750 72350 
-1750 -1750 57599 
-1500 -1750 53706 
-1250 -1750 65050 
-1000 -1750 67702 
-750 -1750 65246 
-500 -1750 60596 
-250 -1750 73988 
0 -1750 61937 
250 -1750 72514 
500 -1750 66128 
750 -1750 76047 
1000 -1750 68093 
1250 -1750 79067 
1500 -1750 75494 
1750 -1750 86998 
2000 -1750 79342 
2250 -1750 63311 
2500 -1750 71816 
2750 -1750 104300 
3000 -1750 134795 
3250 -1750 100302 
3500 -1750 122945 

-3750 -1500 91144 
-3500 -1500 71229 
-3250 -1500 75910 
-3000 -1500 69564 
-2750 -1500 65884 
-2500 -1500 62603 
-2250 -1500 50593 
-2000 -1500 52841 
-1750 -1500 60026 
-1500 -1500 56642 
-1250 -1500 67731 
-1000 -1500 63279 
-750 -1500 70517 
-500 -1500 63988 
-250 -1500 57873 
0 -1500 70391 
250 -1500 63431 
500 -1500 83970 
750 -1500 69096 
1000 -1500 71951 
1250 -1500 85552 
1500 -1500 91430 
1750 -1500 82100 
2000 -1500 71165 
2250 -1500 67942 
2500 -1500 72007 
2750 -1500 116078 
3000 -1500 112309 
3250 -1500 151950 
3500 -1500 133405 

-3750 -1250 81782 
-3500 -1250 104826 
-3250 -1250 67426 
-3000 -1250 67609 
-2750 -1250 75853 
-2500 -1250 69003 
-2250 -1250 80630 
-2000 -1250 56147 
-1750 -1250 44944 
-1500 -1250 101292 
-1250 -1250 85859 
-1000 -1250 58099 
-750 -1250 72125 
-500 -1250 46484 
-250 -1250 68247 
0 -1250 63055 
250 -1250 62658 
500 -1250 69687 
750 -1250 70219 
1000 -1250 77280 
1250 -1250 76229 
1500 -1250 92898 
1750 -1250 79438 
2000 -1250 55743 
2250 -1250 77797 
2500 -1250 71275 
2750 -1250 70378 
3000 -1250 119947 
3250 -1250 113172 
3500 -1250 132762 

-3750 -1000 73742 
-3500 -1000 80856 
-3250 -1000 56201 
-3000 -1000 63768 
-2750 -1000 73646 
-2500 -1000 56576 
-2250 -1000 53724 
-2000 -1000 72819 
-1750 -1000 63046 
-1500 -1000 62965 
-1250 -1000 60245 
-1000 -1000 65179 
-750 -1000 59805 
-500 -1000 73786 
-250 -1000 76068 
0 -1000 61512 
250 -1000 65498 
500 -1000 66236 
750 -1000 69980 
1000 -1000 61627 
1250 -1000 70710 
1500 -1000 77935 
1750 -1000 83997 
2000 -1000 66100 
2250 -1000 76198 
2500 -1000 65955 
2750 -1000 45796 
3000 -1000 70772 
3250 -1000 113755 
3500 -1000 125251 

-3750 -750 72646 
-3500 -750 67119 
-3250 -750 51690 
-3000 -750 60581 
-2750 -750 58195 
-2500 -750 63880 
-2250 -750 56618 
-2000 -750 65727 
-1750 -750 66961 
-1500 -750 60169 
-1250 -750 56909 
-1000 -750 71092 
-750 -750 73247 
-500 -750 68063 
-250 -750 77334 
0 -750 82483 
250 -750 63242 
500 -750 63397 
750 -750 64498 
1000 -750 66162 
1250 -750 65911 
1500 -750 66766 
1750 -750 82025 
2000 -750 62735 
2250 -750 73272 
2500 -750 62654 
2750 -750 65986 
3000 -750 75981 
3250 -750 134056 
3500 -750 111848 

-3750 -500 57212 
-3500 -500 51939 
-3250 -500 56692 
-3000 -500 57703 
-2750 -500 50144 
-2500 -500 57962 
-2250 -500 57963 
-2000 -500 70544 
-1750 -500 61134 
-1500 -500 59188 
-1250 -500 54210 
-1000 -500 63929 
-750 -500 68999 
-500 -500 65975 
-250 -500 66420 
0 -500 60502 
250 -500 69291 
500 -500 69385 
750 -500 65286 
1000 -500 60837 
1250 -500 63663 
1500 -500 63469 
1750 -500 70192 
2000 -500 66280 
2250 -500 65016 
2500 -500 73950 
2750 -500 59636 
3000 -500 66635 
3250 -500 55535 
3500 -500 78060 

-3750 -250 79576 
-3500 -250 86336 
-3250 -250 62974 
-3000 -250 63536 
-2750 -250 71357 
-2500 -250 44115 
-2250 -250 55946 
-2000 -250 43296 
-1750 -250 54652 
-1500 -250 58732 
-1250 -250 60423 
-1000 -250 56754 
-750 -250 68855 
-500 -250 57219 
-250 -250 60634 
0 -250 92509 
250 -250 65097 
500 -250 66865 
750 -250 66504 
1000 -250 51149 
1250 -250 62688 
1500 -250 65915 
1750 -250 58433 
2000 -250 70958 
2250 -250 60937 
2500 -250 94945 
2750 -250 74770 
3000 -250 94823 
3250 -250 84782 
3500 -250 72871 

-3750 0 45180 
-3500 0 52160 
-3250 0 69990 
-3000 0 87639 
-2750 0 78186 
-2500 0 83941 
-2250 0 59966 
-2000 0 66368 
-1750 0 64844 
-1500 0 67566 
-1250 0 59107 
-1000 0 70265 
-750 0 64322 
-500 0 51721 
-250 0 53783 
0 0 59065 
250 0 62859 
500 0 64563 
750 0 99663 
1000 0 85288 
1250 0 68192 
1500 0 72200 
1750 0 62476 
2000 0 61932 
2250 0 66816 
2500 0 71401 
2750 0 79021 
3000 0 108397 
3250 0 103955 
3500 0 107759 

-3750 250 70264 
-3500 250 73275 
-3250 250 59292 
-3000 250 98110 
-2750 250 78485 
-2500 250 68148 
-2250 250 76528 
-2000 250 60324 
-1750 250 59258 
-1500 250 90865 
-1250 250 67715 
-1000 250 115498 
-750 250 106988 
-500 250 62368 
-250 250 70364 
0 250 60742 
250 250 70707 
500 250 64084 
750 250 77291 
1000 250 111001 
1250 250 80731 
1500 250 76746 
1750 250 48494 
2000 250 104980 
2250 250 64439 
2500 250 70716 
2750 250 75033 
3000 250 101616 
3250 250 126529 
3500 250 135120 

-3750 500 86563 
-3500 500 67670 
-3250 500 59833 
-3000 500 56033 
-2750 500 52782 
-2500 500 54221 
-2250 500 58077 
-2000 500 63281 
-1750 500 105237 
-1500 500 71800 
-1250 500 42302 
-1000 500 70994 
-750 500 60809 
-500 500 68257 
-250 500 67304 
0 500 63113 
250 500 81510 
500 500 63600 
750 500 67139 
1000 500 71217 
1250 500 94901 
1500 500 74215 
1750 500 80598 
2000 500 91415 
2250 500 102930 
2500 500 69015 
2750 500 66067 
3000 500 80822 
3250 500 107877 
3500 500 85434 

-3750 750 61239 
-3500 750 58252 
-3250 750 78975 
-3000 750 46339 
-2750 750 88363 
-2500 750 99159 
-2250 750 82150 
-2000 750 94194 
-1750 750 128618 
-1500 750 77231 
-1250 750 53216 
-1000 750 60865 
-750 750 60367 
-500 750 68963 
-250 750 64426 
0 750 70236 
250 750 61906 
500 750 66647 
750 750 68917 
1000 750 83182 
1250 750 72381 
1500 750 78403 
1750 750 68688 
2000 750 64066 
2250 750 92603 
2500 750 111261 
2750 750 104798 
3000 750 72654 
3250 750 88812 
3500 750 78045 

-3750 1000 56590 
-3500 1000 62019 
-3250 1000 77401 
-3000 1000 89796 
-2750 1000 77037 
-2500 1000 67599 
-2250 1000 67063 
-2000 1000 62650 
-1750 1000 56667 
-1500 1000 82491 
-1250 1000 62074 
-1000 1000 58771 
-750 1000 56907 
-500 1000 60043 
-250 1000 71425 
0 1000 62566 
250 1000 73491 
500 1000 73500 
750 1000 65004 
1000 1000 69108 
1250 1000 61231 
1500 1000 62041 
1750 1000 52728 
2000 1000 73040 
2250 1000 82212 
2500 1000 99658 
2750 1000 116974 
3000 1000 112226 
3250 1000 93145 
3500 1000 87713 

-3750 1250 78052 
-3500 1250 75313 
-3250 1250 75738 
-3000 1250 57557 
-2750 1250 54166 
-2500 1250 72851 
-2250 1250 71816 
-2000 1250 64981 
-1750 1250 54663 
-1500 1250 67906 
-1250 1250 53904 
-1000 1250 63388 
-750 1250 66762 
-500 1250 65315 
-250 1250 59189 
0 1250 70832 
250 1250 71446 
500 1250 69962 
750 1250 68565 
