# 2013 5 14   by Morimoto
# Al foil 128
#   E/keV       0	1	2	3	4	5	6	7	8	9	10	11	12	13	14	15	16	17	18
	5	501	493	506		500	499	496	500	499	500	500	500	501	498	502	486	506	497	515
	7	703	690	708		701	702	694	701	699	699	699	700	702	700	704	681	709	703	720
	9	902	885	912		900	901	893	900	899	896	900	898	902	899	903	876	910	895	925
	11	1102	1079	1108		1101	1099	1086	1099	1099	1096	1095	1095	1102	1100	1101	1065	1112	1097	1128
	13	1304	1276	1309		1300	1296	1287	1297	1297	1295	1294	1295	1298	1298	1299	1258	1313	1297	1338
	15	1498	1464	1508		1492	1496	1480	1497	1495	1487	1491	1495	1497	1493	1497	1447	1512	1483	1537
	17	1696	1652	1695		1689	1682	1660	1688	1693	1682	1685	1672	1694	1693	1689	1631	1713	1684	1727
	19	1885	1843	1876		1880	1869	1835	1886	1883	1871	1863	1855	1888	1876	1879	1811	1904	1866	1911
