# 2013/2
#       0    1    2    3    4    5    6    7    8    9   10   11   12   13   14   15   16   17   18
 5.0  500  497  508  497  493  500  497  497  493  497  497  497  493  493  493  485  508  497  512 
 7.0  703  688  708  696  698  698  693  701  701  701  701  701  701  701  701  680  708  701  719
 9.0  901  886  906  896  898  896  896  898  900  892  892  900  900  896  896  872  911  892  927
11.0 1099 1080 1107 1088 1091 1099 1095 1095 1091 1095 1095 1095 1095 1091 1091 1064 1111 1095 1131
13.0 1299 1272 1303 1283 1295 1287 1279 1291 1291 1291 1287 1291 1287 1291 1291 1248 1307 1295 1322
15.0 1499 1459 1495 1475 1491 1483 1475 1487 1487 1483 1483 1495 1487 1487 1479 1432 1506 1483 1522
17.0 1702 1655 1706 1671 1686 1690 1679 1683 1683 1683 1690 1690 1683 1683 1675 1636 1702 1683 1737
19.0 1890 1847 1910 1882 1882 1878 1870 1886 1882 1878 1886 1890 1886 1882 1874 1819 1902 1859 1933
   
